id,Class_1,Class_2,Class_3,Class_4,Class_5,Class_6,Class_7,Class_8,Class_9
47484,0.13957361898409626,0.19242824619617388,0.048575824655811693,0.0099286859707624214,0.0096381261936352956,0.050148511118260318,0.25521256028290856,0.13128968756289369,0.16320473903545796
30908,2.6760300092398985e-08,6.9044453405288267e-08,3.8667528638455181e-08,1.1756887962899794e-07,0.99999956191859274,3.7973392426486659e-08,4.9328832690311514e-08,4.1605392671461315e-08,5.7132627727794627e-08
49031,0.014200658668343259,0.020647544881518019,0.010476827997953247,0.0034826303706172452,0.00053636629467003136,0.084938569061742256,0.010352094944710092,0.82333789833020499,0.032027409450241004
35190,0.0026010002490335859,0.00016527183803172839,0.00017088650665837891,7.8122088094950221e-05,5.6038611042075283e-05,0.9696424612167901,0.0049333807654780119,0.011326277814747203,0.011026560910123927
51849,0.02696156610535945,0.0015640009984701001,0.00070786703378938334,0.0017487477307763803,0.00026728271617017539,0.033587321347369151,0.0010558450428967657,0.82466876193712557,0.10943860708804305
38821,3.0616378017789887e-07,6.180609991349497e-08,4.9846420055283025e-08,2.1292679408256065e-07,3.9906124674321374e-08,0.99986930384693629,8.3029680698907106e-05,2.6287803648857633e-05,2.0708019497062252e-05
11287,0.0053827885240384883,0.67419889948243517,0.22186072070972673,0.059051841302991986,0.00036419524114303468,0.0082933473692513911,0.0063399773431957827,0.0034393440169683777,0.021068886010248825
33962,0.003743560888904908,0.0068306379460239533,0.0023407320567477843,0.00066361522118205118,4.9861316935852172e-05,0.88151023920531235,0.080819336754988147,0.023738426000683949,0.00030359060922106998
61123,0.012796668059257631,0.0022775753961319679,0.0015076127986815879,0.0012661845485457345,0.0032686990693848034,0.056346422692481572,0.0049497932842809522,0.087499900041983672,0.83008714410925222
19849,0.0001117422057491728,0.29688172781072342,0.33181471868801821,0.37044978548504015,0.00011281580820881702,8.9703722170195272e-05,0.00049776759183497673,2.972306887593699e-05,1.2015619379039305e-05
59924,0.009562012755360243,0.00049404400055414724,7.1735282822231146e-05,0.00011265176641539418,2.0192386395196518e-05,0.0062321363372627812,5.7903824662666731e-05,0.0023504197116145861,0.98109890393491239
19390,2.5396214718348311e-05,0.25295999596371532,0.7436077134561786,0.0017400121948907752,0.00034573866891112018,0.0002984070695426409,0.00032427586035406865,0.00067120216955935514,2.7258402129912298e-05
54569,5.6077696551025618e-06,1.5893844456368088e-07,1.436508345213135e-07,1.3387280131209587e-07,1.1103102903488514e-07,0.00053198398792303871,4.6524825889002577e-05,0.99931660179311987,9.87341303036893e-05
12999,0.0062757610018829143,0.6862873683228522,0.12367605379271739,0.035221117523174542,0.0021916102716358875,0.011667706140311306,0.10530599150588359,0.0027455021246494834,0.026628889316892692
47247,0.00048568790730924363,0.3030386439240948,0.37666296836485391,0.01017924642053792,3.7256601966601637e-05,0.00087138401503766675,0.30859497835197708,7.9864539157564128e-05,4.996987506536628e-05
38035,0.015548752986220387,3.1456124405478342e-05,3.5059203287629024e-05,0.0013892948124881632,1.7412485045768834e-05,0.9720861030211394,0.006751937305013337,0.0032959761924818277,0.00084400786991826896
9950,4.1398959742238847e-05,0.34146298833036492,0.65533263149043575,0.00016225356694339821,0.00073205570427182663,0.00031755916716093323,0.00096236178601881081,0.0009849233041518057,3.8276909106162784e-06
24902,9.1092700156972277e-05,0.89147808465927114,0.10269472820019709,0.0050373303192596149,0.00049917037435494771,4.6152467105083733e-05,8.6264446379699574e-05,4.1635009594830989e-05,2.5541823680643584e-05
25882,0.00059934485376354773,0.2596678970350384,0.65637033514397947,0.045640686491588409,0.00037981344596994761,0.00080690843239231613,0.035478353072661631,0.00065367092319454302,0.00040299060141159207
27679,0.0016311920580229843,0.23109937103920952,0.046729601278381334,0.70413206119708749,0.00015366466707907698,0.009738951328898458,0.0031865420060678677,0.0011016906140548057,0.0022269258111982525
383,0.36119840337406756,0.015609804282609151,0.003601844475674478,0.0023933976946311003,0.0036325485078714122,0.041427724620708074,0.036258227656624106,0.33567610934557662,0.20020194004223738
44571,0.12574476614438779,0.30834727690435948,0.030532635989873064,0.0038857936817317893,0.0029629825135569646,0.36606984870502574,0.082429524188682365,0.04562215734376359,0.034405014528619271
7979,6.9513069898338646e-06,0.85535380505669412,0.14007011354880028,0.0044264883102724242,1.6342898682327659e-05,4.8698828590464078e-05,2.840640050767706e-05,3.5833679718778638e-05,1.3359969744086697e-05
53428,0.01311058071502152,0.0011125264862013398,0.00034872574503329583,0.00020138707751311187,0.00027767918759863565,0.0055566317490379118,0.0040116904737163553,0.96548227372184037,0.0098985048440374604
28285,0.00052511048038699068,0.59199405004952477,0.21732154891220118,0.16982199070979609,0.014703523642214698,0.0009332844922527449,0.0036821206994790499,0.00031766841378761296,0.00070070260035670856
4355,0.00044984199208862862,0.51763590966984252,0.27738200742632879,0.19407770467724453,0.00040622553279444628,0.0015888087803544904,0.0065475035367867163,0.00068387082320293046,0.0012281275613567249
30978,0.00047666213829893457,0.0037438285912432651,0.00055008828396322425,0.015298694314754235,0.97802512152833598,0.00054260218761691538,0.00088768976287655575,0.00020901054540390157,0.00026630264750695691
57926,0.14530261693203286,0.12003706342261537,0.047445299473818717,0.036854076642805489,0.025994273370569244,0.066922736250733889,0.2175801616092321,0.23925706285430776,0.10060670944388458
17350,4.1258102598279404e-05,0.65402674294933438,0.30781790713088586,0.037717541735852546,0.00022641558975027744,4.50877424544412e-05,9.3827799502603046e-05,1.6118459300714626e-05,1.510049032093518e-05
51609,0.0066639612414426605,0.0034814764778104837,0.001751263942953084,0.0006855459600620756,9.1553140619104166e-05,0.046522885160946839,0.0097462486023539036,0.91780922332670956,0.013247842147102548
61373,0.041882829504535854,7.3684102831517344e-05,6.5590210695219098e-05,2.5012720303612373e-05,2.5596182641564562e-05,0.0038612870419764953,3.1387696239830291e-05,0.0006581457789152157,0.95337646676186083
4181,0.0011719378869912086,0.85474329018703965,0.067802356309565923,0.053160283151312542,0.013756639728106864,0.0025455828211792932,0.0031161866211418493,0.0021939251376592696,0.00150979815700349
53149,0.012190879370834566,0.73110897259214003,0.09944799902795326,0.026899559300967938,0.0043317535701155275,0.015259952729293778,0.085240771574570162,0.0095123243781476616,0.016007787455977095
12861,4.3324169990779435e-05,0.46895121841297494,0.50978546941858449,0.0012457428418999913,0.0004107474780795519,0.0028087429315952817,0.0089352278970136877,0.0077991550478344277,2.0371802026613615e-05
7515,3.3371151955591247e-05,0.21665584098280943,0.76693714700453497,0.00056135808818212184,0.004223470485550559,0.00033999884156060857,9.4042065097492777e-05,0.011115260139895385,3.9511240413688531e-05
33328,0.00058968849020670465,0.0021503535478610116,0.001970551294828515,0.0024144854127326446,0.00017255607679210765,0.98441300061117254,0.0046989367699638374,0.002153980975637783,0.0014364468208047851
36461,3.3965662930771145e-06,2.781350061733072e-06,2.4689471749925299e-06,1.5436999137012776e-06,1.1916801701250022e-06,0.99721687087101851,0.0027460369528662493,1.0266874942180687e-05,1.5443057559471852e-05
19024,0.00023686162344406235,0.20233359768242137,0.66480217132768693,0.1286715277291792,0.00035153517337816305,0.00037402780694984324,0.0027280675464347549,0.00020657548791467719,0.00029563562259115033
34693,2.0200507319397802e-07,3.9231419339375879e-07,3.6354502159754917e-07,2.0631865714227735e-07,1.1126487249256534e-07,0.99921622039585956,0.00055732366105255816,0.0001478632759072763,7.7317219362844328e-05
13328,2.3298229043140011e-05,0.90419511452397516,0.083156416214979698,0.012398756239395837,2.5634936883879889e-05,2.5106652389189437e-05,0.00013870826681104919,1.3464038518560203e-05,2.3500898003524296e-05
31064,0.0015935017260268797,0.25957906060597336,0.029667628208875411,0.081687492580366255,0.60570722618872574,0.010016702875236821,0.0027208470004729006,0.0058150865356187739,0.0032124542787037866
38505,0.002868600864080056,0.0035996101910048079,0.00243860662470562,0.001631725974725909,0.00016012835920714872,0.95968241040998359,0.0046204324533361124,0.016059313198626066,0.0089391719243309374
40578,0.26926391908502045,0.00054830618651376161,0.00035262521475456663,0.0040175522940985786,0.00031234219909212333,0.64558267018142257,0.045415360484693509,0.013368777919798054,0.021138446434606575
15157,0.022579136587510089,0.43176197841221092,0.089705036199705587,0.0085220905498504043,0.010018627419878712,0.1859836336222227,0.17007920272589835,0.02720286780705793,0.05414742667566512
54685,0.10957993292878075,0.20569305463770737,0.081229481529796158,0.046376556880003396,0.054207101033085257,0.061713816640151006,0.14899221612562979,0.23526323746286829,0.056944602761978047
50094,0.00049874613824893541,5.1228168715396083e-05,1.2221741622156658e-05,4.4012345829078776e-06,2.2440655540146562e-07,0.060357808452435185,5.0838268319484092e-06,0.93861833209669576,0.00045195393431244978
16360,7.2019142630771617e-05,0.8624647891727677,0.11482638788717428,0.004333498284127396,0.017820149290284686,9.5784287045848587e-05,0.00017600288471205351,9.2769962173086382e-05,0.00011859908908433414
20851,0.0037132444847475456,0.3895556624776465,0.36387603202873769,0.18041912944793731,0.0041176669685786729,0.017946739623060603,0.034606875114130083,0.0039040148825188136,0.001860634972642605
14345,1.2678173694735806e-05,0.70036479933541562,0.23115097379904123,0.068387396038778414,2.9475821217225656e-05,2.0565591081103568e-05,2.4107526933927276e-05,5.8036664898627521e-06,4.2000473480028323e-06
15437,7.6141467189602707e-05,0.88478745150266014,0.077035699370716373,0.036209401555266134,0.00012378167721814457,0.00018358300541819144,0.0014785755183938062,3.8973544983564422e-05,6.6392358153923617e-05
28386,0.0011032497384389443,0.15936102990528422,0.38713172354250452,0.41906582114835977,0.00025926997839401323,0.0022639286573126771,0.030117251891281092,0.00035826229120515632,0.00033946284721951748
41821,0.067230295847563126,0.00094283783549827232,0.00055731710979199189,0.013377080820690701,0.00031703017056966998,0.84918071416350749,0.029448855096215788,0.024907155155000391,0.014038713801162639
49310,7.8931529909599362e-05,9.2315324980888194e-06,9.6680663854789532e-06,6.6623848817375307e-06,5.5153142721051444e-06,0.0066694739643640248,7.8541114509301647e-06,0.99294445071272563,0.00026821238351226707
38492,3.315243971150736e-08,3.5018781368668057e-08,4.6067030490819145e-08,2.4943521366392516e-08,1.5008491638010291e-08,0.99977142409383746,1.4607030308438819e-05,7.9425489315082179e-05,0.00013438919627444714
47987,0.056879941447252523,0.051997067451293018,0.19361077834954399,0.0088291792156497562,0.0074924212432222774,0.044911253626281677,0.22396941826946126,0.28244765310163883,0.12986228729565674
47825,0.0091924797358421129,0.32239840604285092,0.18458944720383497,0.072622875586790911,0.0025249442980502064,0.035269375700113716,0.36019709444025688,0.0062287574181288949,0.0069766195741314185
58368,0.097541631019009423,0.020545874886730014,0.0047692174872330031,0.0027057424184488599,0.065004558821780273,0.013943036485770057,0.001088953214989689,0.0072255724429549206,0.78717541322308393
61017,0.028061082674631428,5.4411757744880112e-05,3.3531334005684792e-05,2.1763782165859491e-05,3.6547124089222317e-05,0.0060097858916623404,7.1090711083359769e-05,0.0003504524782868928,0.9653613342463303
33434,0.0051235134183633723,0.00024538126568277849,0.00062818736824808079,0.0005410635721743507,4.0942166158329516e-05,0.90977675538821656,0.0017430315500506941,0.065296999414985998,0.01660412585611977
25464,0.00019320372889426615,0.34352702909027938,0.61707301095046907,0.00042660396853414336,0.0094833540737668427,0.00097330489001879882,0.0036279214742844204,0.024585757186829149,0.00010981463692392692
8194,1.1243121898096749e-05,0.69477916628864489,0.30153594025699493,0.0036473009567907734,3.3663326521472899e-06,3.7398207930072062e-06,1.7730090974984017e-05,9.5881516689908608e-07,5.543160844527419e-07
29453,5.5619974053880736e-05,0.012015097896719737,0.0014005492260164563,0.0021865797977380381,0.98383660888622249,4.2825177334986611e-05,0.00033297789555102877,9.3176459335624675e-05,3.656468702790961e-05
1903,0.0091182860805592032,0.66901084934967736,0.077758318485529623,0.0062000820206162613,0.20507428895838289,0.0030760048353412339,0.0040552960114562291,0.0081988101251474245,0.01750806413328972
55063,0.0003772187594710438,1.813500434958927e-05,9.658243975620727e-06,4.6133701191187772e-06,2.9709777629660686e-07,0.026428996558437716,1.3741176734876053e-05,0.96834347382792285,0.0048038659612129851
4038,0.31021461114128396,0.041626388571883867,0.010114872920731592,0.028228209456269845,0.00097002616892991002,0.27091991270403198,0.049561435247740239,0.035980229763608124,0.25238431402552031
14437,4.170383005953199e-05,0.94969045458415169,0.016486868666670276,0.032841987346444522,2.2239628880480597e-05,0.00043262006226673679,0.00031519323453300631,6.1870089662147541e-05,0.00010706255733189094
43097,1.8109419249814856e-08,2.0072665380136541e-08,1.6372488586337649e-08,1.6892247752369011e-08,6.0519726492096005e-09,0.9998222114929054,9.6284379805148989e-05,4.7715016419335922e-05,3.3711612076478846e-05
26998,0.0088683446762387787,0.0015076926331597518,0.00031197536584143525,0.027863847357264108,0.021953526476123003,0.92192091391463449,0.0038792538282662568,0.0023788388739319831,0.011315606874540255
25136,0.00081712483551767742,0.52187332375958428,0.20436306875259205,0.00073798361407194954,0.00034184723835600138,0.0038106803647618794,0.020705206960369007,0.24684325932171797,0.00050750515302942919
55553,0.0004606296929943693,0.00010091216836451207,9.9370413730517611e-05,7.9522751955339753e-05,5.8954881492707466e-05,0.022450400747274644,1.0752496435620324e-05,0.97635863430575431,0.0003808225419979378
592,0.25205137209974804,0.0069031484664176428,0.0035194103735355226,0.0029520383384115264,0.00070099590870653064,0.054413457329349248,0.012121464613934376,0.022721972353535385,0.64461614051636174
29884,0.036475045210503799,0.3981885336963546,0.090066724843750959,0.04604728094312447,0.24938590053826798,0.027573776712298978,0.11241952432667127,0.013262783254487657,0.026580430474540184
125,0.00019580320377292151,0.68577241895860686,0.29181697214175301,0.01383185720526486,9.977029783809009e-05,0.00018462711301492639,0.0079803732102265851,9.9543780897701949e-05,1.8634088625188177e-05
1079,0.91679022556406864,7.7831853481112411e-05,5.2362685410734982e-05,4.8819693360963189e-05,2.9419931823517714e-05,0.0020997044302731795,0.0031049416940987225,0.06846044340953146,0.0093362507379514594
46777,0.012154641109856954,0.0014689883666267329,0.0033232739922994755,9.3165138654112395e-05,0.00011073817641019232,0.025235105727985211,0.94831509668969505,0.0063577385003530402,0.0029412522981191302
2772,0.00016548213232803395,0.75779086140248997,0.20863921488126572,0.029469297694214528,0.0023262465288062658,0.00065516027802883824,0.00047782664876724846,0.00026711209754349462,0.00020879833655609457
4932,4.9895367478464544e-05,0.91012841509008646,0.067783944066929946,0.02159292630925581,9.7390077966793938e-05,0.00015917637325500988,0.00011480031459560504,3.0930038752799523e-05,4.2522361679127542e-05
29354,2.6857626725268471e-05,0.00088840518779862365,0.00013439532763775264,0.00424522844813834,0.99464242146571102,8.5728621658376042e-06,3.6942924942556784e-05,9.1126955146874321e-06,8.0634613659736393e-06
24443,0.00042170963385129213,0.63916138032273784,0.30393574668266832,0.038646312868864462,0.011273290594699253,0.00074741464533455246,0.0047191210779252346,0.00071595428574232638,0.00037906988817648239
29643,0.0015044992990423593,0.028645356396897758,0.001658182871890831,0.006896001145411371,0.95837629045021744,0.00059828744591840851,0.00048998972401959539,0.00044424774753300646,0.0013871449190691269
5678,1.8579791088583841e-05,0.51637029811699731,0.46292854037066711,0.0026463505051399876,0.00057958263770949636,0.0022176381687742624,0.0009514383917728728,0.014257546505643832,3.002551220654281e-05
56725,1.15622474908805e-08,8.3504747706025018e-09,8.7389070876255334e-09,6.253948108289268e-09,4.7509157987736604e-09,1.8715588560712198e-08,2.5869974181026853e-08,0.99995887515578419,4.1040602159794338e-05
7433,0.0008356880918562945,0.90810338756878595,0.071375828936195776,0.011560061254077674,0.00029607671850491744,0.0052250633677705929,0.00073106671912910159,0.0012000449774214118,0.00067278236625829368
46873,0.00052461635809587348,0.0024694305402015258,0.0031053078581440704,0.00017886631893250621,4.3023722219262521e-05,0.23160411840377965,0.76050983941585171,0.00092004188281838992,0.00064475549995684361
30784,9.9879628616671437e-08,0.00024362984677636074,3.7224421416070215e-06,0.00040343266853870157,0.99934855498880637,7.4732648851237148e-08,3.4421237224652366e-07,6.5466553026252178e-08,7.5762534192029654e-08
2871,3.2404568282127895e-05,0.94229146386515006,0.04239548079326045,0.013440701655177485,0.0001059801023272783,0.00013212933056631955,0.0014226445346313275,7.7645851770340518e-05,0.00010154929883442041
12686,0.0011268807003427278,0.35718448462129498,0.45521037827077293,0.1660427080990215,0.00051867321720350419,0.00086365773638894178,0.018189139465243389,0.00051108708838567532,0.00035299080134642928
59147,0.10306899981702242,0.00022757258115449188,0.00025754155032738519,0.00030926910946925965,4.3308233074139076e-05,0.023620442183083765,0.00073622160148401701,0.0020730894262282742,0.86966355549815622
11060,5.0913931769952589e-05,0.87224698221076524,0.12021294930683836,0.0073403504124215022,8.613962623867349e-05,3.0802026478205534e-05,1.9518536476816945e-05,5.2370096470293268e-06,7.1069393640851808e-06
16819,6.6650436441599936e-05,0.948362227467202,0.046199127760067404,0.0018651216847445529,9.4812281223368716e-05,6.3983854375888627e-05,0.0032633296669370288,1.4884269412949654e-05,6.9862579595192983e-05
12905,0.042825936908125445,0.51095900324206867,0.21044648512674241,0.043349600266468565,0.0070748692158940779,0.016094263160351209,0.09961186175699821,0.036792959889848043,0.0328450204335035
31944,1.6278313084374908e-07,1.6931732762627996e-07,2.3299617063570184e-07,9.1332240441374493e-08,6.5808277956727858e-08,0.99931621132879644,0.000155579544009696,0.00051481527682408856,1.26716132222169e-05
42658,0.0023388519657591344,1.2362175860370176e-06,1.3387249162128193e-06,0.0001755142977464003,2.2714233779151475e-06,0.99270783585659461,0.00035145595058022936,0.0035337110009375909,0.00088778456250162272
29583,7.4409096179899677e-09,2.9139440261696293e-08,1.4303327824586287e-08,2.8888560433635176e-08,0.99999980767873609,2.1052180345572197e-08,2.770139878609009e-08,2.8538062990862477e-08,3.525738377345886e-08
47504,0.088502733804639383,0.43693592578148899,0.11463721676024366,0.04409036149319475,0.017666095249822874,0.04019126215149,0.17654530847720976,0.05488411068577808,0.026546985596132486
14809,0.00033830392064639503,0.81339003768760942,0.12402915932089374,0.056412060044458201,0.00099475157327811995,0.0014323304520027296,0.0020621839268253153,0.00090187974978888925,0.00043929332449725827
43009,0.0097024677878321201,3.6495301477612821e-05,2.0166251692283551e-05,0.00189025714943524,7.0756355395534777e-05,0.97717336202400984,0.0067389402478090967,0.0037189324753652492,0.00064862240698319504
16305,0.00029248722761226413,0.58593070664472025,0.14454084187869107,0.26414135865501626,0.00085503033568299215,0.00096309500326373788,0.0026218399313804857,0.00033706597135435432,0.00031757435227879098
23810,2.9307533274618561e-05,0.37356517979354553,0.61687080156363727,0.0037657060953824564,0.00029031593793306962,0.00039588501096024845,0.00049627431943379875,0.0045748123274087409,1.1717418424265508e-05
58409,0.16271638757882345,0.0038861646326315055,0.00073467218396895922,0.00067202751199820399,0.0013709291060892094,0.032306097718577606,0.0031834772280223632,0.12652164617648878,0.66860859786339977
51860,0.015836333583425972,0.027613301483546633,0.014605285337580425,0.0044611111355347685,0.00070731573517085315,0.1526415064597606,0.014466657950953822,0.72192699597490417,0.047741492339122747
28776,1.0014776661297512e-06,0.002119504942765334,0.00031205362034419156,0.0027451759393484205,0.99481138644601075,2.7111049816597624e-06,5.5363923737914051e-06,1.7812325678145989e-06,8.4884394208836944e-07
11237,6.2754645588121596e-06,0.81441038759711715,0.17443821501467832,0.011082577799577784,1.9340848729469112e-05,1.7688525621039868e-05,1.2638072704896682e-05,9.8278925591638663e-06,3.0487844533801757e-06
32199,0.0090377056876752414,0.01118067473643479,0.0082770936880346441,0.0074859787703151579,0.0015565682039150016,0.89532266659476056,0.043479675568077018,0.014467379337714671,0.0091922574130727797
52848,0.0069712695520719797,0.0094857618569174941,0.0049481593445144202,0.0015438548915240866,0.00022806349346804293,0.075263964427742192,0.0086383963559999322,0.8790820142491621,0.013838515828599842
37765,1.9859022683453207e-07,4.7669331558452499e-08,3.8926777043331182e-08,2.450021418282065e-07,3.2944382230110923e-08,0.99993259878262986,5.1837939174478867e-05,4.6094591984903585e-06,1.0390686137628543e-05
46098,0.013510249432063203,0.02638335255491164,0.023769089300684377,0.0047319129494053178,0.0007744076127229986,0.14142597643975299,0.026763692354660553,0.68358076731293649,0.07906055204286247
26619,0.00024640644261612519,0.56916492784268846,0.29284894107488718,0.13641366674459612,0.00017102749878592272,0.00022224801978732326,0.00054320379401080179,0.00016935752335189437,0.00022022105927607633
52536,0.0030362636853359607,4.7238320331079273e-06,3.5379552108425591e-06,3.1947262223998818e-06,3.1655192467696406e-06,0.0019717280204442538,0.00014227116453265076,0.99227002408867493,0.0025650910082990349
36784,0.23896018235296065,0.014221668224399284,0.0071575617209118743,0.00088404284886617844,0.0021818162934236812,0.065762552597985358,0.020086511534302819,0.4713477672415437,0.1793978971856065
31816,1.0857200037237417e-07,9.6956681548042063e-08,8.7010542574668554e-08,6.4565549157126679e-08,4.2342922216409274e-08,0.99945361090501672,4.500758000740518e-05,0.00048321272499971316,1.7769342280283518e-05
50757,1.0407101280781165e-09,7.0376934517680605e-10,7.3159941174736052e-10,4.6317289959612882e-10,3.5195441896664628e-10,1.2805001334307159e-09,1.4521398263373443e-09,0.99996933731578697,3.0656660366915446e-05
17258,0.0024086039524951102,0.74157771508499781,0.15342065475670585,0.026988249392669611,0.00038725003316973368,0.0034867791669364349,0.070213507409786352,0.00055902367229354209,0.00095821653094549733
15746,0.00023024046777891393,0.8987890062239261,0.059285559166166485,0.040044534744305943,0.00014669839555135465,0.00041612942024927635,0.0005337258126006765,0.00019747525495115913,0.0003566305144697811
53178,0.00053635124827900241,3.4074330855629968e-05,0.00027503214864702793,1.6771693210308716e-06,2.707900170065036e-06,0.0049437476566667835,0.015678906341205626,0.97826453651123624,0.00026296669361880974
61397,0.088021118788510447,0.018773309844859976,0.0044573891810950105,0.017705452986393824,0.0048039059606071449,0.11339568702018787,0.0049386126302819458,0.24776684684149866,0.50013767674656529
54499,0.092220488823584329,0.014626010313637049,0.011640193168918778,0.0011745420787942873,0.00097557277144733176,0.016168744898679498,0.029616811272785537,0.8087256369693675,0.024851999702785777
50270,6.5118341736014645e-05,2.7287060989156017e-06,1.4625720863307348e-06,7.583866867869728e-07,5.8713663022272091e-07,0.0013802132476912244,0.00052274819240815469,0.99787903062892636,0.00014735278773603437
17540,0.00025195102398442365,0.78793781473932489,0.18123643189314159,0.0052223917592645885,2.0357374231002383e-05,0.0005449922663315098,0.024726047689474454,1.8418589687396893e-05,4.1594664560098766e-05
15817,4.4920086601352131e-05,0.90723985911164684,0.091155813543843403,0.0013706639055961747,6.9087765545603429e-05,6.0197967287420761e-05,2.2961135091329984e-05,2.5401536825611002e-05,1.109494756213372e-05
60536,0.028227475474813961,0.0015369576341191979,0.0015548650571772593,0.00028152073316581858,0.00011350123605228199,0.047932680968477914,0.00051932558271368368,0.00238699570001733,0.91744667761346255
36310,0.00041733211925564531,4.0276395780894127e-05,1.8923840818939496e-05,1.8162202218817087e-05,5.5229869015873675e-06,0.95873027251352483,0.00011318692778919486,0.040057839547150233,0.00059848346655990868
38175,0.0003026806887509102,6.7538260957472217e-07,1.3292722500309239e-07,0.00022276739493126756,1.383960372727802e-07,0.99822997183244111,1.538798589952624e-05,9.8098549125091842e-05,0.001130146842980146
34731,0.29194035219080761,0.0015651595651761771,0.00033545746485904871,0.0017248814117156583,0.00047015615839842714,0.59073055166263866,0.008679572163484495,0.020215390114085144,0.084338479268835045
56347,8.8713082814088434e-05,0.00022724128344430152,0.00022578840054859604,2.9600633674683287e-05,6.6549118902076342e-06,0.012770177204554511,0.0077045836827385654,0.97828560332294434,0.00066163747739096863
52015,0.0065686769390706458,0.0031006249100569388,0.0013641972765996806,0.0006999575762441987,8.4771796286356601e-05,0.034755323602139912,0.0089828873544987534,0.93276134552173295,0.011682215023370494
47541,4.207249090514907e-05,0.0045157797970902212,0.028762341471994305,0.0081941377727256254,1.1699547604980132e-05,0.0010348349416375493,0.9557587485276049,0.0004089691531603882,0.0012714162972767044
23276,0.00095468655937710871,0.1611612231196653,0.75249592244826669,0.076942648636090877,0.00060042407725951748,0.0016430787775233301,0.0043456454595885412,0.0011782064345147391,0.000678164487713692
51938,7.237923071501085e-05,6.5700263105554242e-07,6.0132697895202278e-07,4.9955856621945427e-07,4.1677676408985248e-07,0.0012105333113448431,0.00020285575217279876,0.99836806500078068,0.00014399204004629041
617,0.92253676009099916,0.00026399121743192353,0.00023392088305492073,0.0001618581993172692,0.00012873401714155866,0.015363504730111395,0.0050064529826851683,0.046997756374922948,0.009307021504335487
47316,0.12903930725018023,0.36902806677301708,0.27635840656681376,0.069948568173534911,0.0065637568992417406,0.017244619302840179,0.10713356349595229,0.018971202632434691,0.0057125089059852519
49934,1.9834687278795526e-09,1.0557920633045954e-09,1.0256216856087656e-09,6.8097306813520506e-10,5.1835895489040576e-10,1.9780724298771925e-09,3.4331917897797079e-09,0.99999295825944634,7.0310650749105058e-06
54505,0.014403349617102589,0.025381176343868543,0.013282272133659009,0.0041760906943930512,0.00067430089036312477,0.1314515460791664,0.013101596176705116,0.75641269695925395,0.041116971105488155
9977,3.9531587087747826e-05,0.51746610582935537,0.46502227473943869,0.0014360596484923418,0.0015758569095747541,0.0047544279748086915,0.0021497859524590751,0.0075100793328912929,4.5878025892321575e-05
42490,0.00076738546581734009,0.0016870122314800774,0.0013616590980663828,0.00095939507433985517,5.6499425822961516e-05,0.97551149620335553,0.013798569528442868,0.0044764783404434268,0.0013815046322314488
17632,0.00013861380178579742,0.73974344276585946,0.17737018170365998,0.081577193300500908,0.00022842650742681942,0.0002639426805109413,0.00029712853448219442,0.00024176111274552446,0.00013930959302859363
38244,2.6726958322266623e-07,4.228620060294978e-07,4.5422085729837046e-07,2.2763706756424181e-07,1.2855185252466848e-07,0.9991993246218388,0.00054742165790780623,0.00018378818158683562,6.7964997299953112e-05
33740,0.0014146795359506967,0.0016053413496964941,0.0011656485562680219,0.0011713020494305525,5.9459526034893326e-05,0.97540251170123005,0.0039595579728832929,0.0095572902590066785,0.0056642090494995545
53125,0.3499997501931888,0.051409701582055496,0.0077657908242785116,0.0090815696570157693,0.0069010173735834131,0.06990621580897044,0.073998846933166815,0.32834451005920073,0.10259259756853982
48914,0.0052286782096779925,0.011931584105342022,0.0052991068740315126,0.001702773411969471,0.0002953308523889659,0.075145795487933764,0.0077952917782801237,0.86906843645747345,0.023533002822902473
59172,0.01532734843719449,3.6651599499847299e-05,5.3244685933402221e-05,3.1049197172995779e-05,2.017736803557821e-05,0.0083237763404933919,3.7306500121587134e-05,0.0024613436807499819,0.97370910219079865
1023,0.67609653643226986,0.001178774961389866,0.00067957317543574736,0.0004804739866095248,0.0005201357380319149,0.0633228931058364,0.006018143607021049,0.049620513838854526,0.2020829551545511
56886,0.016366916741978519,0.0038579203491853555,0.0018191990316089718,0.0027302709922324025,0.0015682554028114319,0.020064913033772405,0.0079797533171175709,0.79208703466089592,0.15352573647039736
31566,0.0080722537041200779,0.022859544302721364,0.013585673211903569,0.0079769572195377281,0.00218398318454583,0.80245562169767148,0.077148204511799198,0.049150242749868345,0.016567519417832278
22351,7.2259114285724236e-05,0.91587782110494564,0.077787549119759075,0.00089243455493318101,0.0030602371940076276,0.00034912023464901226,0.0015565172817073255,0.0003157645314229722,8.8296864289528384e-05
33292,0.0010151945577957561,5.8294535448816589e-07,4.2808786342005777e-07,1.6269204433953025e-05,2.4704274335646769e-07,0.99613992221928682,0.0024752026791416827,0.00017780052743976923,0.00017435273594074941
30351,1.416564632126018e-08,5.0508645048634754e-08,2.6045107754978899e-08,5.1778092987521619e-08,0.99999969571087088,2.5932543595192041e-08,6.7479307509304057e-08,3.1344407610897036e-08,3.7035378222621185e-08
60173,0.010546557764616788,0.002983585686258066,0.0012035633116314764,0.00038202484581122419,0.00040221565830861507,0.091786236582250519,0.0024912568638226318,0.016754940498117193,0.87344961878918337
33200,0.0096816869388342726,0.00072462533705617063,0.00049665037381538442,0.0010634469188728164,0.00017896808441360428,0.9153171368941877,0.047946907644662182,0.0012136940920165825,0.023376883716141245
51514,0.0024125332929438186,0.00049042617316322288,0.00038491191494694036,0.00075313016048186778,0.0004860968227468085,0.28817090324269912,0.00067029629141034694,0.66254154341426086,0.044090158687347232
33311,0.010823941021219993,0.00010185399973249746,0.00034584913052554899,5.0502977326354081e-05,3.035724152359076e-05,0.76960107489710572,0.21634813269188963,0.002158256783385948,0.00054003125729065217
22463,0.0028938210836062053,0.47390799819628721,0.29405141769722626,0.18007126820849109,0.0044269448941244138,0.010234761479222181,0.026873181958853458,0.0048333018725695903,0.0027073046096194411
46655,1.3355390062383978e-05,0.001057198236962966,0.0053399778480028547,0.0047324048981064659,1.6323911009911714e-06,0.00070049387441917027,0.98804303945015448,7.4719142212155342e-05,3.7178768978673654e-05
26350,0.00052236822672030588,0.2314136839103095,0.3870488994504801,0.31667429153789384,8.2286444423372592e-05,0.00051634003918249287,0.063547807003096674,9.0892259187690458e-05,0.0001034311287058123
52446,0.0054235278232235944,0.00098926439295217591,0.00048723414017633112,0.00090416820626229642,0.00016246888705139466,0.0068691878944977629,0.0034780039877892609,0.97966301719802396,0.0020231274700232183
11373,3.574626908166766e-05,0.68117805426768474,0.25258197745766792,0.0659469175704607,6.7182715338668693e-05,7.6119851357474313e-05,5.5004821094472278e-05,3.577590148741605e-05,2.3221145827120023e-05
1650,0.8498905449573233,0.00050819351794502681,0.00024265935360610476,1.9843757759636312e-05,1.5948340706718006e-05,0.002585197951860599,0.0028556126936413609,0.14060549743471473,0.0032765019924425784
46471,0.0029718089155027594,0.0085480946145880428,0.020048712890987135,0.003332678317571839,0.00067775709599411681,0.004621063386947088,0.95858836929456215,0.0011353815406529844,7.6133943193501055e-05
40106,0.0014918828443234941,4.538110126134903e-06,2.6453532697779781e-06,2.4746877453286906e-05,2.0008714863759682e-06,0.99343598315460691,0.0010627934948671666,0.001403929922237329,0.0025714793716297411
11148,0.0019252209406820184,0.76466943706205281,0.13932062061896461,0.067924622463198914,0.0064576181950095441,0.0034504120418535253,0.0097732763297693967,0.0041999355315547075,0.0022788568169143579
7399,6.650879198416226e-05,0.63166015314279311,0.21109605396092196,0.15669374547974294,8.9912759172140004e-05,5.3025125211258531e-05,0.00029334266519046725,1.998036247280924e-05,2.7277712511109148e-05
34719,0.0010240567406667935,5.2688537277436554e-07,6.2318952978513458e-07,0.00013456562141490411,2.0240808385590343e-07,0.99692990040304519,0.0017605956086963201,0.00012720966766044078,2.2319475529965632e-05
23069,0.018298384138245447,0.21570711391942601,0.67667531593246499,0.063991388896319043,0.00051367631405680207,0.0023231738441226147,0.020557229786941127,0.0014663859117396174,0.00046733125668445264
34889,0.00037269465168285218,3.8659639037207528e-08,3.0232046158681257e-08,7.0183502940628913e-06,2.7258718015472498e-08,0.9993452969278972,2.0383535204029185e-06,6.9071718131143603e-06,0.00026594839438927472
18520,6.2169282153017253e-05,0.54550297840937578,0.45160051199901607,0.0025727492891834567,0.00014210222336773107,4.7089956765983351e-05,5.312544306458352e-05,1.3121198549032491e-05,6.1521985240117902e-06
24014,6.7140605393178416e-05,0.64401772961866144,0.34744986966638625,0.0078922805632274419,0.00011145262081399731,2.4948845000198003e-05,0.00035789726511112536,6.4546815704205219e-05,1.4133999702056144e-05
23847,4.7453806090672213e-05,0.67130242525015049,0.27051865056993507,0.057814232279501165,9.1348890025003574e-05,8.5808616176301933e-05,5.8285112770417409e-05,4.2346959869740946e-05,3.9448515481058323e-05
15768,0.00016965806493313354,0.82469991635209805,0.1284442538156533,0.039025542918162771,0.0037868493443553421,0.00034206300409339211,0.00280584624204134,0.00027286344911312856,0.00045300680954955488
15155,0.00025749082079693506,0.39751307426198623,0.45073012412966934,0.11986943379674117,6.8342907059641987e-05,0.00052057338466996882,0.030799294250902873,0.00011755826305508576,0.00012410818511867538
23316,3.0288295753705281e-05,0.67648284506223644,0.28740886846024988,0.033891273738859272,3.7419726042520019e-05,0.0001448078569779378,0.0018692237880195452,4.2243588117999893e-05,9.3029483743061972e-05
12195,0.00056342925119997028,0.41530376562434018,0.29021500633946973,0.28393923714725144,0.00018413092354225568,0.001479613298508002,0.006145127469019524,0.00055372180859644237,0.0016159681380723404
4728,0.00011715134998533115,0.91088092749119443,0.082809175184905298,0.0054180038531933365,0.00033675397812151533,0.00013470499487557694,0.00020199870644596084,3.0937521747162922e-05,7.0346919531473948e-05
33058,0.16540764495173521,0.075401365161860329,0.0051089637741809843,0.024659609316921269,0.001186741083215893,0.55716703633315667,0.010061449660453104,0.015731946259392275,0.14527524345908427
55314,0.015035360050823024,0.0069805490646528958,0.0055119143687223813,0.00086342693478523298,0.0001396559295114083,0.074565535785661094,0.013735074966573326,0.84211215779372617,0.041056325105544397
22980,9.9869468884666854e-06,0.404531165905332,0.58961459887477263,0.00076811008933208851,0.0011628674599853267,0.00069571155208308238,0.0016753157210427549,0.0015215687594859358,2.0674691077543961e-05
49560,5.4814133606360787e-08,2.8098226278685404e-08,2.9398073198277366e-08,1.6874652763208309e-08,1.5856758651601509e-08,4.1590995613809996e-08,8.4362649238363816e-08,0.99996935885457372,3.0370149936948036e-05
55934,0.011286576546917532,0.020116030496184305,0.010307685614713362,0.0034430253560643431,0.00055045388187289958,0.080513203463957211,0.010177605940399247,0.83461297742324136,0.028992441276649582
42244,1.3348139362379455e-07,5.6790712638954112e-08,4.7311862698810317e-08,1.5053080728801497e-07,3.6234322644494177e-08,0.99984267248663306,9.5314339519789998e-06,4.9115175853489424e-05,9.8256554462602448e-05
29879,0.025061159390094137,0.082998223303030111,0.022578869320143951,0.037657686952736392,0.70284300772976294,0.038130425057348663,0.059481558403824054,0.01978004862897852,0.011469021214081341
472,0.23184939948923372,0.061093080777606647,0.014630202665058125,0.010067179823666604,0.00343272016607188,0.26457697320623802,0.29342471201081316,0.049332322907821746,0.071593408953489979
55333,0.01039499460279536,0.018614035583798757,0.0093537904724693179,0.0033004683358052646,0.00056234764620640646,0.070219312787776003,0.0084928545290985282,0.85457517295580832,0.024487023086242163
19493,0.0010644647592490055,0.60313254385262272,0.30810964159704329,0.056752874238398851,0.0011181848905665961,0.0030349844212876863,0.024634415609910587,0.0015602080283662386,0.00059268260255480073
22707,3.2954270044553786e-05,0.4688082958663361,0.49208641831014738,0.03870679285930842,5.7188531490697111e-05,0.00010072282931582996,7.5770658590866875e-05,8.8252505858361257e-05,4.3604168907670617e-05
42787,0.00022532660643463057,0.00022362214970202566,0.00026930752901393762,0.00029666130573426997,2.0981250370710924e-05,0.99549863000801198,0.00079092867988203076,0.001616610504871936,0.0010579319659785389
45362,2.9111702080141193e-07,1.7967104239350971e-07,2.1622025724849148e-07,1.6938286996629392e-07,9.3867676572978951e-08,0.99927571275341842,9.4315611780366581e-05,0.00045917099704411346,0.00016985037889005955
36886,0.0020162360157480962,0.0053144269865679468,0.0026029795503153797,0.00146567366616274,0.00016008452218534583,0.93874894651331064,0.0061421398691797026,0.030004062279626931,0.013545450596903451
53842,0.031099108584340021,0.22013284799147487,0.093463005144796232,0.029412127011766865,0.0046281880112947092,0.051875285423555927,0.020071229009050152,0.4715111556860655,0.077807053137655596
58121,0.075012789399576146,0.16301400640999478,0.075436703509314446,0.031720755678959087,0.02650733892893227,0.15615845122011016,0.23638291348870069,0.16852832923016586,0.06723871213424655
41858,1.9096690751010804e-08,1.4030985848142574e-08,2.2909288411278845e-08,1.0866501641026329e-08,6.063712457040072e-09,0.99987157468234189,5.0282872801073572e-05,4.1519525464851766e-05,3.6549952213085974e-05
3632,7.5867970163898501e-05,0.79542657244046555,0.17976870643935475,0.003620994107419184,0.019498956932234759,0.00022815086312614856,0.0011168890236033602,0.00011848407709474413,0.00014537814653732049
4203,2.8784559749452634e-05,0.40087031885476732,0.59533076922445871,0.00071601996248601095,0.0010586259256974823,0.00038459393670949856,0.00040828877961688291,0.0011895822765518333,1.3016479962620116e-05
2266,0.0019222584901341412,0.80054214493807618,0.11176890243729447,0.056384741711292111,0.00025067472796893583,0.013914049365912095,0.0099801398100423967,0.0037605072086552274,0.0014765813106243195
11823,0.0042490386367267192,0.83715938492702113,0.092968289259562339,0.010461638365979119,0.0016058782418977735,0.040687838572875674,0.0047550197476671149,0.0030517247492764677,0.0050611874989936675
26076,6.926077902232592e-05,0.6823549883422918,0.30428946161175097,0.012951809352668708,0.00011942125023639546,7.26018448495798e-05,9.5601139129295658e-05,2.601205688766065e-05,2.0843623163477607e-05
59075,0.0055849096842147542,0.00030184994746144467,0.00027023065261056633,0.0020885837487647748,7.4864600995945024e-06,0.014729875382470085,4.0933339233064005e-05,0.00038623086138028675,0.97658989992376521
42129,0.0036928189984255931,0.44452444001126823,0.12430926596222532,0.039738135961071695,0.0032965359734274569,0.32569250088272028,0.029586094951135664,0.026615230356930034,0.0025449769027957076
33957,0.010211742332593615,0.00012633926308492922,4.863660525406233e-05,0.0075285996410889653,5.910248273351413e-05,0.97515062742083602,0.0015893882860025152,0.0015833800011331553,0.0037021839672730841
