id,Class_1,Class_2,Class_3,Class_4,Class_5,Class_6,Class_7,Class_8,Class_9
47484,0.34023191631193406,0.027517771350210357,0.014474804509396862,0.0050753965693787848,0.0074497727161694973,0.024315158025612339,0.059417496157840186,0.39884822160375039,0.12266946275570756
30908,0.00091523587988488026,0.00013326012900033169,0.00027843254017862319,0.001343000276525863,0.99351028390918228,0.0010459954745826255,0.0013519734389853056,0.00088796477680086906,0.000533853574859325
49031,0.052861874983574454,0.00050593289588699822,0.017023333926970138,0.0012918795394014908,4.5933712481021245e-05,0.030577988902544796,0.023287128749021894,0.86605596875322566,0.0083499585368936816
35190,0.026709143097600412,0.00012712657323451308,0.00088440587822605601,0.0012994472670049989,4.8651114366643311e-05,0.9064391453897791,0.003928142864403769,0.032661457576421214,0.027902480238963349
51849,0.012142833703449367,0.0012635764857254566,0.00026965238124376838,0.0013038634766423432,4.8812902198202322e-05,0.0013406987454044309,0.0013144010737942812,0.93955198252517369,0.042764178706368304
38821,0.0026314636710400622,0.00013300634737620242,0.00027877271987329768,0.0013440890614892901,5.0310449203162776e-05,0.99172968047995924,0.0013525283207981333,0.0015539751920249614,0.00092617375823562573
11287,0.015892301724458505,0.69449961084609424,0.1940542840746684,0.071592482115819631,0.0002842271683406053,0.0023127634923038208,0.016567075297393295,0.0025987839134947685,0.0021984713674267388
33962,0.10110708362032106,0.10319801453611466,0.049411028357554357,0.0043247970865379392,0.00038970032619148749,0.55209358250399099,0.11837420572963173,0.057317511097901098,0.013784076741756735
61123,0.10803163561953251,0.004384405348428746,0.0029465444074793677,0.010920345938713872,4.6527522307361665e-05,0.0211092953126693,0.008660381107841196,0.057010183695748583,0.78689068104727899
19849,0.0037110152717808541,0.473469926244523,0.26132074341290001,0.2529778219126152,4.6902712478102469e-05,0.0023144476866749667,0.0047661721286597902,0.00086029466805832985,0.00053267596230972282
59924,0.018212316047007193,0.058074913315471786,0.10883184793867587,0.046479492719666962,0.00052411241011328694,0.088008376608748579,0.01770175965410295,0.014360492580868949,0.64780668872534442
19390,0.0039080892012152927,0.18647276280712194,0.77674515374554487,0.0014690399531783103,5.455322778366202e-05,0.0096266913521389618,0.015309036511987683,0.0041909450943562864,0.00222372810667307
54569,0.016991924046624311,0.0014737954160805231,0.0038672103914626143,0.0013414257954608437,0.00024401570491269431,0.014827263705854072,0.019404907815599805,0.93319243164900156,0.00865702547500374
12999,0.007253752797178767,0.83465472001630725,0.10197949927628294,0.01083963013451472,0.00036400499587610355,0.0034859555541703669,0.0151985150713432,0.004137688024279336,0.022086234130047188
47247,0.0024061408056692286,0.31602682079539651,0.27717415571883963,0.02956870883338638,0.00025364049205813931,0.0053746322835292338,0.36393098071220692,0.0039160003766527717,0.0013489199822612644
38035,0.0061267944678800824,0.0010404430447825679,0.00051897526353058589,0.0013436937783904489,5.0114607029950166e-05,0.98355379972626955,0.0046060262797782076,0.0021737697760476752,0.00058638305629079364
9950,0.00091994979177037332,0.40001775142225543,0.59157125625114171,0.0013297075703477259,4.6744651766371327e-05,0.0014904240300227418,0.0023030765609513382,0.0018048080650112316,0.00051628165673315034
24902,0.00091684981296867932,0.99161075651078501,0.002234836544164081,0.0013511037124219001,5.0656297848591423e-05,0.0010496250557951027,0.0013588954583688556,0.00089260442072312818,0.00053467218692453524
25882,0.0010357581026837416,0.086764236428782643,0.86144164505766008,0.02163715588991863,5.8442029276378421e-05,0.0058532193710809114,0.020024244732600512,0.0025843000798238336,0.00060099830817331027
27679,0.0045632468770563008,0.52816176721594876,0.12115254495003736,0.27781228124296742,0.00029926541415965216,0.054556934165655935,0.0027826440038365894,0.0088253324370222257,0.0018459836933156671
383,0.43279270321048369,0.026710335207956203,0.0018080777515119655,0.0028726901174349986,0.0016118541054055153,0.064628763752702004,0.056866306952556768,0.29189841898022445,0.12081084992172435
44571,0.093152091071632304,0.23950489538191908,0.081638460918533245,0.013300065302600136,0.00014730967689160492,0.34793627218640993,0.10298328453588941,0.038629447521951077,0.082708173404173177
7979,0.00094442282420526165,0.77882379079735631,0.18615795473026397,0.015866895978404048,0.00017085103636133719,0.0056467659743323932,0.0028980488738942932,0.00092118439838940742,0.0085700853867931269
53428,0.061038892589679893,0.00094733068163312117,0.001808254757894611,0.011389343206704686,0.00074551723733725826,0.041074325052103247,0.031636964038465186,0.81420008986985837,0.037159282566323518
28285,0.0016270230032894833,0.43528889405048898,0.026605181752631435,0.52163291283626279,0.00024228973092751483,0.010357773644658876,0.0028952816352621072,0.00074693232984229569,0.00060371101663648586
4355,0.00091167121248568093,0.82167903977319623,0.12786337297192887,0.04459582515546965,5.2208733019618961e-05,0.0010430340758000164,0.0024290041779804587,0.00089364156733983432,0.00053220233277969015
30978,0.00091523587988488026,0.00013326012900033169,0.00027843254017862319,0.001343000276525863,0.99351028390918228,0.0010459954745826255,0.0013519734389853056,0.00088796477680086906,0.000533853574859325
57926,0.042970642357410202,0.00026204996224213638,0.0017701449157941963,0.0059225025128978558,0.00023721789303861223,0.0027091123494222703,0.0076855338807101563,0.88800925531810049,0.050433540810384203
17350,0.00089787324122852391,0.83742008409196411,0.13348941823603322,0.021584887678795805,4.9437893462435941e-05,0.0010111920350062622,0.0040362857140021106,0.0010022865829940441,0.00050853452651343587
51609,0.0070242292476689451,0.00033675678927620539,0.0010051868808824173,0.0013384295498336161,4.9983942472968692e-05,0.003583943341894802,0.0081553274659984278,0.97697850420542309,0.0015276385765495685
61373,0.025456347452161049,0.0090900125695077515,0.0049840922880207469,0.0013547421880760386,0.00011577988921993859,0.012824496624867903,0.0013666515593294937,0.0014397496264223985,0.94336812780239465
4181,0.00091656607174115767,0.97742589368728883,0.012368165331718414,0.0039885178973398409,0.00030905390201294854,0.0017762227049875224,0.0017329257171020984,0.00089345523080798625,0.00058919945700124728
53149,0.00091743631559572446,0.98800956665857742,0.0020951054741263119,0.0028720228225810789,5.0437203491720367e-05,0.0010530794111693511,0.0035711409851679975,0.00089333688764319712,0.00053787424164726441
12861,0.00085241383297632951,0.60881594264423344,0.37638395637672006,0.0022620888419432059,4.9055310604069154e-05,0.0020051845157074929,0.0042048366175798059,0.0049246709527260984,0.00050185090750932081
7515,0.0023508495445889723,0.27275032958394879,0.69881046613193942,0.0014998765696930491,5.7540923439327014e-05,0.0016367381231358826,0.0044702890111370363,0.015080823945718521,0.0033430861663990745
33328,0.00091734273936767649,0.00013307263936471994,0.00027929525994213622,0.001345834494391823,5.0340743621211383e-05,0.99373528282794887,0.001354494613184837,0.00088929033563918598,0.0012950463465396683
36461,0.01417913349506103,0.00053042326631914992,0.0012328892205967735,0.001317108606149853,4.833109391547635e-05,0.93084731522091335,0.02921898614801121,0.016120116971178589,0.0065056959778545514
19024,0.00096072200171467008,0.12533621494176334,0.76589050379092283,0.10253968188306666,5.0994079335371375e-05,0.0011281459059502782,0.0025662096456712949,0.00095221832689127881,0.00057530942468426592
34693,0.00091738296790340023,0.00013311334434551155,0.0002793284181102139,0.0013460231556631768,5.0340743621211383e-05,0.99385367786228218,0.0013547044367163772,0.0015297665372573537,0.00053566253410055405
13328,0.00089514162828433787,0.82428395035918811,0.039773133781566397,0.13120406425614117,5.2031844722478886e-05,0.0010172175907431024,0.0013337227398117792,0.00087921251143751808,0.00056152528810519172
31064,0.0075561266799463274,0.069892700474080319,0.028876744159836636,0.040980422202045008,0.62216501142034986,0.063109216332765269,0.027563872403840055,0.037402883050688562,0.10245302327644797
38505,0.0038985089591715692,0.00054811826168520606,0.00077912639009897417,0.0021938534450618051,5.0140610094637988e-05,0.97950156311326675,0.0056500390330278399,0.0065800054182947971,0.00079864476929846829
40578,0.041132074953462529,0.00092292714087919658,0.00050664145215493725,0.0016336602513053237,4.8951072393463138e-05,0.93522119535138937,0.0058628130981613147,0.0094910479022399623,0.0051806887780137933
15157,0.066317887054150274,0.64108935956820934,0.086351142440296402,0.034873958553739537,0.0026542320299178628,0.0054143525523046767,0.026038199634535762,0.0081166023133523411,0.12914426585349364
54685,0.0089875543594665017,0.089240412523649643,0.026775583810474301,0.013600692069719722,0.0049435085159182232,0.015376998425991373,0.050998142235648636,0.77422007976009755,0.015857028299034001
50094,0.010677474705891008,0.00012410747756648588,0.00049309910925502038,0.0015692043702754143,4.4887391564241432e-05,0.1123770314221145,0.0016147154248055331,0.86821248412282159,0.0048869959757061598
16360,0.0009244692565248899,0.91144190596143848,0.067488966261104871,0.015048544329113844,0.00050044679668492125,0.0016777022495521685,0.0013613132789640089,0.001021924840768827,0.00053472702584804899
20851,0.0008838472858992266,0.34619827272097314,0.35566032279768633,0.28925893231883448,0.00045172277583220653,0.0020724027088388185,0.0035638258050654107,0.0012428986652367074,0.00066777492163372343
14345,0.00087057976211973116,0.62683551262311688,0.33909028943480057,0.028513377841362431,4.6693751689695841e-05,0.0016586682614507975,0.001640456780800189,0.00084044531500529029,0.00050397622965426788
15437,0.00091327278312600937,0.98416961108499912,0.0097015410516235016,0.0013422564395156066,5.0120086708636163e-05,0.0010470004615898765,0.0013531098101048,0.00088873040904433672,0.00053435787328818857
28386,0.0011286228568409295,0.38677326906862364,0.2222476449592552,0.23688205260826808,0.00028927811888910333,0.040898727739994471,0.10821593800905047,0.0028985612571100212,0.00066590538196805468
41821,0.034407234703249093,0.00067731194843106122,0.003212790451945312,0.014446028295262009,9.3912975121555e-05,0.9095020416988705,0.012983321293120687,0.013967121775967206,0.01071023685803257
49310,0.027907315914650475,0.0019937178282321126,0.0010046686691176266,0.0012969843993287642,4.6405057030527125e-05,0.037704855087200777,0.01265964082577351,0.9100826564415625,0.0073037557771037636
38492,0.0009175993431844526,0.00013333228225862579,0.00027950676434648395,0.0013470378989263461,5.0340743621211383e-05,0.99449048351200808,0.0013558330044057434,0.00089008331084357642,0.00053578314040556561
47987,0.031480058141835285,0.015780395329909967,0.035392263292796121,0.0023716029313229471,0.00070149648170729419,0.010522025371700714,0.57134597924380315,0.29304289497536457,0.03936328423156002
47825,0.023114792728861307,0.18075851905736623,0.097511185651268983,0.13262930794967775,0.00096945489196877696,0.10185557194186526,0.40406566498535329,0.019781875139502955,0.039313627654135416
58368,0.03825177336060228,0.010934277758192461,0.00052072939968988584,0.0021483022475370212,0.0035589159920805928,0.033880826507190057,0.0027196487884217626,0.0078526823224040893,0.9001328436238818
61017,0.0053173254496623641,0.00013437407641385388,0.00027993020559902328,0.0013624320983217214,5.2161103466903032e-05,0.0014890603779943697,0.0013645722890195731,0.00089889356347053629,0.98910125083605183
33434,0.0068198788909464682,0.00076358821513617401,0.00051774608427093542,0.0013602129399436079,5.1927792104826235e-05,0.96393945554967109,0.0064043731384404489,0.010160548074464058,0.0099822693150224094
25464,0.00097510190337404021,0.071462445245064135,0.91537270391631687,0.0041939966667410315,5.4152005501614334e-05,0.0011597701001062541,0.0025574212458236672,0.0036123777217022092,0.00061203119537025911
8194,0.00091162254168635219,0.84193515400217722,0.13539044823266,0.017959085908058985,4.672197369504041e-05,0.0010321970846121141,0.0013284184400364405,0.00087074495214457229,0.00052560686492931629
29453,0.00091338448101357451,0.0012925174173534491,0.0010029959325945858,0.0013401785254521818,0.99083322529451989,0.0014723784204919153,0.001725604716862466,0.00088632071758150475,0.00053339449413046199
1903,0.2832019104693117,0.29095415252854073,0.066913187714663119,0.031385787450218028,0.10711368160607149,0.034380378094743445,0.023258043936590506,0.023709242824889818,0.13908361537497113
55063,0.002729093094484374,0.00052604483478721768,0.0015104589415075344,0.0013436355302260037,4.9493420978790139e-05,0.0037777671475204356,0.0013570502828142649,0.98292949752141623,0.0057769592262651021
4038,0.0457982935873682,0.46587063571319193,0.11923764169483227,0.024654134956597969,0.0022861399733076536,0.096535236046007458,0.043376253540586253,0.035112529239138227,0.16712913524897011
14437,0.0037921805804586235,0.9304352919119554,0.014678121988681162,0.041601779266240216,0.00025740418390752748,0.0015808802220429242,0.0046654541000912663,0.00092254506583007694,0.0020663426807928107
43097,0.0030591630084256436,0.00013335645770031754,0.00027918707810129455,0.0016883038626679964,5.0340743621211383e-05,0.98962586665550645,0.0013551293578136232,0.0022210026586226262,0.0015876501775408548
26998,0.006333124985474693,0.0019801749462513103,0.00028032503170357379,0.032461491587867528,0.028864306144887365,0.90407430511997544,0.016541088827350135,0.0040113530298238106,0.0054538303266660655
25136,0.019884056382022001,0.22371337051825294,0.24638704765278199,0.020662071965875425,0.00014640595766408508,0.035340394134411146,0.17963026993484607,0.039732485941691945,0.23450389751245435
55553,0.0035054954484162819,0.00013306380698642093,0.00027786868143456407,0.001340158400480541,0.00352788353933643,0.0014729660623837941,0.0013478688506346308,0.98739389247878362,0.0010008027315437441
592,0.42282177832443557,0.00058645032131604546,0.00019150587772093322,0.00092660337041304878,0.00032034972813938065,0.00071347613541011454,0.0036421521903004343,0.018180349432005645,0.55261733462025886
29884,0.052467762436427354,0.13065929455110162,0.05168297782797425,0.0017006859319481462,0.65530303459752959,0.023752530455071703,0.071993624124578548,0.0035456610994119161,0.0088944289759568772
125,0.012634202162140581,0.6458341299559297,0.30832819720590093,0.027712821486802708,5.1527905074541046e-05,0.0009926745101156802,0.0028713182720585414,0.00085180976127792636,0.00072331874069936038
1079,0.62008545007763283,0.00093276099835388625,0.0024650538263613518,0.0019074093750071019,0.00022321948067227019,0.0073608771669229469,0.048611436699491993,0.291802030695404,0.026611761680153577
46777,0.044644485969888625,0.00028905869200657023,0.0045547471042481687,0.0011865667298944942,4.9520280745897003e-05,0.0046606486617603391,0.75912446694310631,0.17412788478151064,0.011362620836838979
2772,0.0037464745369485777,0.91278075141558479,0.036548677028296075,0.031768143157122709,0.00027983280941978092,0.0075017420805042452,0.0036697365072332804,0.0019936992180297464,0.0017109432468608806
4932,0.00090724209921964406,0.87811532990496555,0.097799707067953809,0.018383302513080142,4.8354174987942944e-05,0.0013310950850504166,0.001353421109224133,0.00088387537487871954,0.0011776726706396665
29354,0.00091391304986153854,0.001314855570340628,0.00027788121611369384,0.0013413784293161393,0.99153047327793919,0.001100380250284797,0.0013496995052594929,0.0014284353346471453,0.00074298336623747406
24443,0.00092840740667404483,0.54326243555623788,0.43265440746653744,0.014520911244774965,0.0012240670083093906,0.0016714480382695417,0.0030228794989350248,0.0014292211806241162,0.001286222599637533
29643,0.0035826327675817782,0.0069539979214785549,0.0016103296451553395,0.0025269837731511898,0.97177211998766677,0.0041600084279010798,0.0033693924612994012,0.0027696167913594623,0.0032549182244062192
5678,0.00089619432762420696,0.50407836796536964,0.4828166831356106,0.0013171791372072151,5.1045627108094637e-05,0.0015402695767359783,0.0013100326532433063,0.0074751237348610359,0.00051510384223992249
56725,0.016210073226561646,0.0001300926152027607,0.0056252614743729024,0.0013159861635235967,5.0064083293676752e-05,0.012705293287771546,0.008377105431436065,0.9536655782832979,0.001920545434539887
7433,0.0054529657710802914,0.90924287892395816,0.04640410813021402,0.012135820978399653,0.00045451643562858629,0.011823977442101258,0.0030492153908099244,0.0017572958164636995,0.009679221111344392
46873,0.005957064462962772,0.0024149047296061813,0.001752947910422529,0.0014597682672180964,4.510441724331298e-05,0.15439069364612396,0.83024981843156576,0.0026123186096870393,0.001117379525170287
30784,0.000887920509616544,0.022401438255884858,0.0038816157361561189,0.0086376279654821406,0.95882075349775797,0.0015564905015694598,0.0023063498168357081,0.00099203215324472323,0.00051577156345257815
2871,0.00091913241079758857,0.99015146606403293,0.00078205795770970067,0.0032195671410929329,5.0567809775436774e-05,0.0010501776701099383,0.0023987654275711961,0.00089187030150958706,0.00053639521740077648
12686,0.00088919465603126029,0.39962009751313893,0.56481377733315141,0.018990568013814123,5.0674555077510516e-05,0.00099801755091909715,0.01327547636561649,0.00086420984587782797,0.00049798416637331251
59147,0.34098487688770013,0.0086416730267488365,0.027437628001488489,0.01395845795750841,3.4110176130282719e-05,0.0091296394258240134,0.0061195187654153665,0.0031632876946155698,0.59053080806456892
11060,0.0011896515273808817,0.79676967550752376,0.18793686040357258,0.0048544078008432058,5.2779289816373642e-05,0.0013051347668533407,0.0013538790098474637,0.0015718270056377498,0.0049657846885246687
16819,0.00090117940168040638,0.92967145032963217,0.013868316678921569,0.050938653104637868,4.9912359408509131e-05,0.0010419974860391766,0.0013453539957822935,0.00088101052638460203,0.0013021261175133801
12905,0.081138341933649855,0.40729915229246128,0.28190082682006484,0.019653932544952672,0.00047079668303719456,0.016123237545723802,0.089694307093434469,0.0073842036618908301,0.096335201424785064
31944,0.0009175993431844526,0.00013333228225862579,0.00027950676434648395,0.0013470378989263461,5.0340743621211383e-05,0.99449048351200808,0.0013558330044057434,0.00089008331084357642,0.00053578314040556561
42658,0.0017315835728182196,0.0001336843551834555,0.0026005712242630876,0.001348149999611791,5.0644949816450126e-05,0.98415849562480306,0.0027753308335398664,0.0062183586269056439,0.00098318081305845818
29583,0.0019461364244094663,0.001067577946300903,0.00027697433259428006,0.0013375222970605834,0.98908816187304893,0.0013711779922629713,0.0029761276423448529,0.001405179113540716,0.00053114237843734035
47504,0.017657157448151838,0.31558902231330344,0.035527165177839451,0.0038870757675609656,0.01281705702010448,0.029011163764444049,0.57256246117159837,0.0044871912309968464,0.0084617061060005324
14809,0.00092096382434326879,0.99102234398402744,0.0011449994164947155,0.0030080202779876062,5.0761992807141772e-05,0.0010545092581837965,0.0013642837522336128,0.00089652389504214325,0.00053759359888021262
43009,0.0027808495056716913,0.00027189794030461835,0.00041072563095115127,0.0016875627650599413,5.0280812789676736e-05,0.98299381081461679,0.0077175747061215315,0.0035550137270846738,0.00053228409739982437
16305,0.00091178165302444394,0.88770283750523116,0.098189358871920832,0.0069413147324649625,4.95331402650374e-05,0.0010330209350913081,0.0037714427234255741,0.00087648564417567144,0.00052422479440099128
23810,0.00087710001152040259,0.35770390771339805,0.63575318432811012,0.0012867622654931334,4.949418117206222e-05,0.00099724352341685812,0.0012918245243167406,0.0014802761638586734,0.0005602072887139609
58409,0.086479037108198514,0.0020378912780424289,0.00101503721857235,0.0025709562799650955,0.00094885913423402714,0.016305119121294502,0.0026554484424004313,0.38163544035189267,0.50635221106539996
51860,0.0014908946131094668,0.00013365452256372022,0.00077191237061632423,0.0013277797440985478,0.00042720399168874373,0.0010415234109554072,0.018381552286084939,0.97427522353678564,0.0021502555240972459
28776,0.00091523587988488026,0.00013326012900033169,0.00027843254017862319,0.001343000276525863,0.99351028390918228,0.0010459954745826255,0.0013519734389853056,0.00088796477680086906,0.000533853574859325
11237,0.00092062329835240883,0.76524317811034881,0.20019187160343246,0.025118743334018045,5.2874032313371565e-05,0.0017867852561795205,0.0030972570406690241,0.001798486201255636,0.0017901811234306501
32199,0.0019384090964601416,0.00065822620632226389,0.00027750834007676806,0.0061252454476502533,4.9379022711373387e-05,0.97966462441934632,0.0096155881591115638,0.001140914556189005,0.00053010475213231345
52848,0.0030873857506134514,0.00013297594921223089,0.00078038295797621293,0.0013420242775293255,4.9994405792095783e-05,0.0054002199686653219,0.0037684646904742629,0.98490304675725482,0.00053550524248228515
37765,0.0032920869453134062,0.00013337331998182066,0.00027876830204850062,0.0016194221390995786,5.0271539688851362e-05,0.98990680064784375,0.0013528156428473637,0.0025959106537276786,0.00077055080944911044
46098,0.050396683957983426,0.0097719996134225228,0.015008138229378609,0.0060140683963037017,6.9776474982104325e-05,0.22599237244095707,0.26618077827742498,0.41377314552956096,0.012793037079986644
26619,0.00091285772433643219,0.79919895741758284,0.15988852295908471,0.035530464527055695,5.1287955886318082e-05,0.0013366896691641061,0.0013633669409058406,0.00089500002298215347,0.00082285278300181616
52536,0.029159465914377486,0.00066610697034740385,0.0012462797306060274,0.001695236191166406,0.00023273180984525587,0.016873961775532933,0.00623744306473447,0.93974572662106903,0.0041430479223210307
36784,0.15672400020768823,0.0034281616139011676,0.0030788835468947241,0.0026684798158652474,0.0039283818234019637,0.045360144419622772,0.022182370322468239,0.67627607956450464,0.086353498685653118
31816,0.00091449306223987011,0.0001334980274418378,0.00027842223699598036,0.0016183286891276621,5.0228306935019062e-05,0.98840096944030564,0.0029930966473682443,0.005076908490536043,0.00053405509904971686
50757,0.0059720391776870978,0.00052323425124130101,0.00027829353889642519,0.0013428571215108177,5.0050622406638175e-05,0.0014779299482113244,0.0037750611445898788,0.98578579902178021,0.00079473517367629879
17258,0.0030631098525927716,0.7832772825876313,0.17749251129655,0.017316490937263569,4.7833551617120241e-05,0.0014466063215511971,0.014044409031773985,0.0016330137861863912,0.0016787426348336709
15746,0.001158785956262366,0.98151541650875662,0.010037506292948885,0.0026027484897786684,5.0293030129770052e-05,0.0010538969287784074,0.0020084807994800199,0.0010356628075769017,0.00053720918628826744
53178,0.013552139796210639,0.00084227371206338497,0.0026071396542253324,0.0013450326058062566,4.9974808259518172e-05,0.014933152200164095,0.014427131265243856,0.93807283817717657,0.014170317780850344
61397,0.0011756153877314917,0.00095333820033537771,0.0031000826379157615,0.0029737878550884734,5.106691763543706e-05,0.0075644973914009445,0.0034535875008086373,0.013002563946986206,0.96772546016209771
54499,0.040328277652949683,0.011362067600040698,0.0069647131609638551,0.0068106963705956798,9.4243127905327604e-05,0.0070414640119727976,0.022569717456945915,0.90103468135746123,0.0037941392611647974
50270,0.010685054170695511,0.0021670431719839458,0.0027807576936283258,0.002365786296759789,0.00024592743626391302,0.046891982878944236,0.037817539547751397,0.89329420756079048,0.0037517012431824899
17540,0.0016649209548872889,0.83001532464873562,0.13907779259864525,0.014752561982329132,0.00010702627841556061,0.0055764072266020481,0.0018766514675328607,0.00095381505635291507,0.0059754997864992472
15817,0.001985580884470527,0.87875562922326544,0.09816173153280558,0.010189241992323718,0.000434484940413599,0.0023901731850623918,0.0030517516687722777,0.004258843514219319,0.00077256305866718416
60536,0.0090446403043881914,0.0033266640465947606,0.011740661997368087,0.0073101796762027865,0.0002446884687902524,0.0052403711749550155,0.0036028958104786677,0.0031384200066914975,0.95635147851453084
36310,0.0010351661976860239,0.00062426342489556546,0.00024567795456057883,0.0014862517690867785,4.7546720035428391e-05,0.81307235312130788,0.0022194264468098574,0.17637951527447213,0.0048897990911457734
38175,0.0032624941719542389,0.0011355877456819168,0.0065803516478180266,0.015030632970713689,5.0426921792142753e-05,0.95776456347050654,0.0050316627867246682,0.0024565132995136587,0.0086877669852950673
34731,0.12677142165442218,0.0010574686024098609,0.00052443839475452866,0.0088733010429983983,0.00060066088669418155,0.77230843737477695,0.024868139982484497,0.028782203244002554,0.036213928817456761
56347,0.0037718822453561519,0.00012807874883276856,0.00027045191336464846,0.0021124479984722696,4.8862787868381058e-05,0.026749832999628215,0.029979479175515539,0.93621741745654696,0.00072154667441515024
52015,0.0080818054413542683,0.00013337716585461548,0.00027750642410181807,0.0013386684510764916,4.9846103670977168e-05,0.0016460007998102544,0.0033773538965952811,0.98456641917007981,0.00052902254745656194
47541,0.00069008787995790085,0.0017578150474828642,0.34179287881592202,0.013782693546548716,4.1233497284164005e-05,0.0010399253099007402,0.63868704950386157,0.00066909468809147124,0.0015392217109505167
23276,0.003381645970490925,0.11960738310008176,0.77626740671726679,0.066088494704833564,5.3018212610699946e-05,0.0055816606241517429,0.020227129374926205,0.007263951903898792,0.001529309391739485
51938,0.0030400226760771767,0.00046726260236495617,0.0018533326842755846,0.0015871628128913697,4.8612698769462501e-05,0.022672416098743153,0.014051276000241197,0.92738540618315746,0.028894508243479687
617,0.27204372254441106,0.0029650641853853285,0.0068422651720139059,0.0067322725284813907,5.577084083177163e-05,0.063239603611038836,0.11623350108061743,0.5168478751427692,0.015039924894451124
47316,0.0046187433414733216,0.40707277187589408,0.37387034093809601,0.13463120075747967,5.5100464366837955e-05,0.0064746437254579129,0.070006978399180103,0.0027050632230814177,0.00056515727497064429
49934,0.0009168897398230437,0.00026909581569827743,0.00040949437235276461,0.0013433282285672968,4.9905002096060004e-05,0.001106382482751923,0.0027596720252754249,0.99260933098793203,0.00053590134550325218
54505,0.0036771431372293675,0.02611825176042239,0.016256545755754095,0.0073683218356779571,0.00047248242095888703,0.19431619996398225,0.015965486418085616,0.7256954645861694,0.010130104121720064
9977,0.0018751074085773458,0.64777995381849351,0.3329481218340361,0.001292957355634596,5.0061393597400827e-05,0.0067806790488003105,0.007650867092798155,0.0011071017268300311,0.00051515032123247576
42490,0.00091872549777448614,0.00013382300048975969,0.00027991854517315238,0.001347115112572616,5.0081083812867505e-05,0.99126939800682057,0.0034062658186626666,0.0020586215848097246,0.00053605134988419351
17632,0.0008431167222689431,0.36237129879981117,0.15316599333820086,0.4670998149944337,0.00071318360068929956,0.0058883991294175469,0.006986556466554961,0.0015306882049219354,0.0014009487437016595
38244,0.0016787336119473805,0.00026988947895492476,0.00027910791803047554,0.0013447631418354415,0.00042759470123054488,0.98850366681630875,0.0044521830515494593,0.0025099246794590196,0.0005341366006840645
33740,0.0043887036621482909,0.0018517425024698795,0.0025476706936323735,0.0013528527650391452,5.1772768766305611e-05,0.96550498084975922,0.0098938575851149017,0.013257314009912724,0.0011511051631571631
53125,0.15813434385947539,0.0097428837130120703,0.00095228703250690094,0.0027231813966392448,0.0016956617583748484,0.0077389655120077604,0.0090255786975445198,0.79302731833226647,0.016959779698172632
48914,0.0026193663494806711,0.0014977108335726399,0.00027797558371133715,0.0013387209169158068,4.9961641519103124e-05,0.0040695483651065466,0.0023491205270167741,0.98726339687279874,0.00053419890987842764
59172,0.0037906201643369856,0.0016952736033682212,0.00027905445599088447,0.0013499565192235667,5.0508637736144883e-05,0.0041370289676668504,0.0013583505231433766,0.010926685185865297,0.9764125219426687
1023,0.65513116232388391,0.0021022038885217661,0.0018358978792212314,0.0012118773818362717,4.6513969338867298e-05,0.028768682880859618,0.010870705912778843,0.057826040318548634,0.24220691544501083
56886,0.0062256081604528104,0.15837119306195002,0.03506371581129393,0.062034575455783211,0.0017322465034885323,0.033840775817249674,0.02302229622922914,0.65945809751182005,0.020251491448732624
31566,0.0018829057363769607,0.00083734909378404003,0.0022660343863351155,0.0032120398569915679,0.0012819162462698814,0.96569878605235426,0.013554319563180409,0.010731132186911203,0.00053551687779662053
22351,0.0078475001317609063,0.70357321613627943,0.26103800789026932,0.010724596671025412,0.0010321689418760992,0.0042819197597368562,0.0041141801277448462,0.0043250293940854797,0.0030633809472216753
33292,0.0043095300626099734,0.00051276335039636552,0.00051046066465284287,0.0016005097460521311,0.00024169934848207228,0.95523501908602371,0.027985402905905239,0.0068645043619931182,0.0027401104738845059
30351,0.00091523587988488026,0.00013326012900033169,0.00027843254017862319,0.001343000276525863,0.99351028390918228,0.0010459954745826255,0.0013519734389853056,0.00088796477680086906,0.000533853574859325
60173,0.014268763599831577,0.00055169137870660751,0.00040581761110366522,0.0032157470687610296,5.0779022898134123e-05,0.0070626006458752843,0.0024065349649424498,0.0026188555063805701,0.96941921020150068
33200,0.023810338894636716,0.00025920947061487735,0.002632678695380284,0.0024751739368307529,4.8270445224553158e-05,0.88421802843404296,0.057106000613206545,0.018711810492591702,0.010738489017471717
51514,0.0074907890927583751,0.00013275553123679649,0.00027557070330900684,0.001587669230799484,4.8537967238507285e-05,0.026937250012446883,0.0013355038156112611,0.95821276162978963,0.0039791620168100825
33311,0.055526413584966149,0.0041954293143961208,0.00048277792832180451,0.0014675899449483605,4.987277127475561e-05,0.66556728499110407,0.22395978302306463,0.046521290766506886,0.0022295576754171971
22463,0.00073699720794586873,0.087387273714418123,0.39507730742784936,0.51198850794378359,4.33759713963797e-05,0.00082948134279048488,0.0027936793046204026,0.00072034335301970952,0.00042303373417611878
46655,0.00099232435554178909,0.021126393349600099,0.10432663791333538,0.099074910100073257,4.3957488925910757e-05,0.059689457734043369,0.70813239318811083,0.0040929703341071721,0.0025209555362621658
26350,0.0015931227884342578,0.22914733937126569,0.18163193077595047,0.56619591050401263,0.00039239990118477782,0.0066402309010671805,0.012352420564310691,0.0007771830974756033,0.0012694620962987201
52446,0.010568748921036391,0.00067323088456834319,0.0023886121781446202,0.0013011302775048541,0.00023685326129199068,0.013187471502457712,0.05487192494692561,0.91499300858548904,0.0017790194425815471
11373,0.0017181070564104381,0.77954927630721094,0.18372747382322677,0.023771557939150711,0.00042256082378789488,0.0013508027041758649,0.0077304471145021201,0.0008966084572838279,0.0008331657742514986
1650,0.79533916635674506,0.00094120041560379606,0.00080139794879047178,0.0018692792320746162,4.7152120759903547e-05,0.0081017780069248865,0.0068682570059283975,0.17539260975830559,0.010639159154867291
46471,0.018328842481299224,0.032836379254490379,0.046956402224282226,0.015915902128963193,0.00010088307020831601,0.013303580441235131,0.86350063139918787,0.0071295058610521909,0.0019278731392814615
40106,0.010041498116292286,0.0022258146100619172,0.00051793505954471288,0.002206671029060719,5.0870431973035622e-05,0.96891094869871563,0.0037868404012199645,0.010652331497271137,0.0016070901558605595
11148,0.00093524258464466241,0.69361469889374416,0.2535756159444395,0.04135873774324849,0.00023622108847715434,0.0016828266309805041,0.0051002103327486663,0.0020792395856275604,0.0014172071960893806
7399,0.00093338740472388975,0.71243485270237517,0.19476008342655438,0.08419890632754462,4.9080917558952298e-05,0.0010493989311962818,0.004417689818337886,0.00088973362204893187,0.0012668668496598407
34719,0.007430611971835548,0.00052293609325961389,0.00027790145222365419,0.0013390751905160384,5.0280812789676736e-05,0.98761205592611501,0.0013475707792944608,0.00088529072347835107,0.00053427705048766407
23069,0.0012582980343631553,0.1194248933500693,0.39099285110180249,0.43351501930439468,3.999753322852697e-05,0.0012957046430897973,0.05114922114344167,0.0016222594729231963,0.00070175541668719222
34889,0.0087456177516125576,0.00052968670026783409,0.00027923165155199585,0.0025906986319126171,0.00011323417108707068,0.96063881624995173,0.0042617453502915535,0.0019777069913613837,0.020863262501963374
18520,0.00084753578266620058,0.68025091107154778,0.28926559352899628,0.02132756223083072,0.00023652970793506186,0.0009763170940844479,0.0052870758390396125,0.0013074888395854085,0.0005009859053143786
24014,0.00096779271446041008,0.46098806924920621,0.49442628017995088,0.029772278733963802,0.00046884767127898009,0.0022822571301149073,0.0061604336217391158,0.0031914466399786288,0.0017425940593070344
23847,0.00091014854481791144,0.37025038547477451,0.50318782164929199,0.11639762705940035,4.6781997759502072e-05,0.0010659548585504094,0.0048514454146604408,0.001730586999558072,0.001559248001186835
15768,0.00088822236663462124,0.88241278972682513,0.097542671458533195,0.012206115388925933,9.6701724358978298e-05,0.0010652913762172261,0.0039073137450940021,0.001371518202954019,0.00050937601045677051
15155,0.0023128329914158677,0.50275365550851958,0.39813167599112437,0.088029205012426809,5.0225399901111325e-05,0.001048847030259046,0.0057447572566295523,0.0010120262381379274,0.00091677457158570973
23316,0.0096626598134400832,0.53408161472735149,0.36339477311450591,0.051420203476389773,5.5203884518462157e-05,0.0023989053066331674,0.0039805580213538878,0.002714544569310993,0.032291537086496312
12195,0.00089791621484026939,0.42152305362190406,0.47654589948069626,0.09451869195188059,4.8687442883898517e-05,0.0010472207028849284,0.0039972055644168399,0.00089580571606705879,0.00052551930442610293
4728,0.00091196361161200725,0.85341953779049184,0.12790353026416829,0.012330923435565274,4.9060725684099151e-05,0.0010375398198037879,0.0013408223261229505,0.00087536902675540537,0.0021312529997964797
33058,0.017865831213087269,0.08723380137779671,0.081415819831148317,0.27898943036097268,0.00077843087514848535,0.50317861616641979,0.011342556017090314,0.0058516737352268056,0.013343840423109593
55314,0.00091509235272582993,0.0002683698014062935,0.00052129366545845617,0.0013414462303629518,4.9983942472968692e-05,0.0017595214671961388,0.0019858300504107629,0.99142375361397883,0.001734708875987707
22980,0.00096703334172086163,0.22523400830686105,0.76678565113326935,0.0013886776620864161,0.0001188364824824494,0.0015576967683534491,0.0013974220640847134,0.0020074529936247231,0.00054322124751701273
49560,0.011371325710707392,0.0067587579736958807,0.01396985599139754,0.0051764851014902361,0.00030695396859721426,0.02071709917862638,0.013102949839990701,0.92206363730510965,0.006532934930384965
55934,0.00091551091887867261,0.00013320816892411504,0.00027880954845677894,0.0013413536307709507,4.9905002096060004e-05,0.0014769218747858759,0.0030154758189173863,0.99225365064606486,0.00053516439110531944
42244,0.0026339192556820165,0.00013318588826384976,0.00027874303623378997,0.0035999732928491805,5.0340743621211383e-05,0.98998521020671348,0.0013526717163552444,0.0014320029676149382,0.00053395289266637894
29879,0.0062973719604159008,0.017595028129556989,0.002805650584863584,0.0069414282737271394,0.81560996348920045,0.069466528242924888,0.070990932075076008,0.0067525649175428802,0.0035405323266921771
472,0.094257842250630733,0.25009841125654991,0.10246804219150711,0.026107752649640974,0.0074071558563482808,0.039480002041807107,0.42022547047826431,0.0087608825214207514,0.051194440753830783
55333,0.0060149697693208356,0.00012620841504561736,0.00026964740868650453,0.001296131505649619,4.8239071135504188e-05,0.0096410504003359328,0.052195137368444146,0.92869286697260733,0.0017157490887745313
19493,0.00090666926303902278,0.39461138395964945,0.59377618270880395,0.0069738853735916801,4.9456523527087711e-05,0.0010027857181751768,0.0013066038356230186,0.00086767391253739852,0.00050535870505316843
22707,0.0019752246367603062,0.40862545267076261,0.49050731203122311,0.082428195532553775,5.1117709354352579e-05,0.001837794169862823,0.012146112140743216,0.0016500381020573545,0.00077875300668240786
42787,0.00091504866566126419,0.00013310130995995972,0.00027848381381287201,0.0025717687584951012,0.00011557955873781438,0.98645314618785895,0.0024043335712656631,0.0058356602300111216,0.0012928779041973348
45362,0.0009175993431844526,0.00013333228225862579,0.00027950676434648395,0.0013470378989263461,5.0340743621211383e-05,0.99449048351200808,0.0013558330044057434,0.00089008331084357642,0.00053578314040556561
36886,0.0042383465116345512,0.0091557739773959462,0.020707785189016018,0.01324779596623712,5.0378480505408531e-05,0.88080044032762628,0.013225309961181509,0.05317256896628688,0.0054016006201163778
53842,0.033342206639667936,0.27020380595907645,0.1652307967769206,0.011631254010838541,0.0010749901252187781,0.021071867194622548,0.022013315418577983,0.45822329604744594,0.017208467827631115
58121,0.019572952223869473,0.0014938525970973849,0.00052567092057823658,0.0022428952411371428,0.00026752014585671504,0.051595313577962619,0.006934063248528112,0.90177224401826717,0.015595488026703203
41858,0.0009175993431844526,0.00013333228225862579,0.00027950676434648395,0.0013470378989263461,5.0340743621211383e-05,0.99449048351200808,0.0013558330044057434,0.00089008331084357642,0.00053578314040556561
3632,0.00090211904453574505,0.87331423416062515,0.10452158226360835,0.017363450343142784,0.00016308813228621091,0.0010246615714942951,0.0013171005573829587,0.00086487906768654076,0.0005288848592379465
4203,0.00093332664437866528,0.31675663419345435,0.67124507647588572,0.0013381101128673615,5.0700947505454148e-05,0.002042400770558428,0.0024951406395900102,0.0045924074213209258,0.00054620279443891458
2266,0.0043595099762475855,0.59182150432481029,0.27041431021369988,0.076321179665121613,0.00013984532818076949,0.011046128009479916,0.025590364277382389,0.0084632293154828769,0.011843928889594757
11823,0.0040588966718696469,0.96303587435572846,0.019526556289491688,0.0013708963961522264,0.00011891350483915776,0.0071208540508977593,0.0030627943626697026,0.00090687066962564307,0.00079834369872562594
26076,0.00088200289058372602,0.66476217110141578,0.31236953579391968,0.017985437198020406,4.9297535961136487e-05,0.0010500622328615489,0.0012898137759447894,0.00084822986782532033,0.00076344960346750733
59075,0.0095586603277809552,0.040658959709063303,0.048570647565077882,0.020225878360672959,4.8521386182127955e-05,0.035371941334062816,0.0031221496818910127,0.0022390899223804113,0.84020415171288865
42129,0.0080362084689072841,0.046700300625614324,0.087154700733271778,0.026093344069156525,4.8814757127407926e-05,0.81910278256098579,0.0049747930292414104,0.0048754419443995476,0.0030136138112960048
33957,0.0058012726569731535,0.0016902904676787719,0.0026724969516168187,0.0023522036088334435,0.00011628629955403023,0.96052996895018783,0.0029828766536122283,0.022639590808290418,0.0012150136032533143
49993,0.0050897769077827395,0.0022514138257123673,0.0057311311290520472,0.0013448855156931022,4.9086996803594484e-05,0.0044930208274774229,0.0044000012037636619,0.97605134549694006,0.0005893380967750305
