class 0,class 1,class 2,class 3,class 4,class 5,class 6,class 7,class 8
0.24464392234609872,0.022156813878606026,0.018797726894711569,0.0057128706068715618,0.001288045400139702,0.12964654264652181,0.05544349606886554,0.432666739934228,0.089643842223957076
0.00054450231420984639,0.00013364041068281743,0.00027907911777001065,0.001305240416682125,0.99448568264261772,0.00062608336525602144,0.0013037948797296392,0.00074787115919464303,0.00057410569385734907
0.078010678348414991,0.0026248186620618091,0.0012219138608395702,0.0021881808957045618,4.8339935277622492e-05,0.019270268182789523,0.0065177403338480874,0.88143911085445981,0.0086789489266041915
0.014740667090256518,0.00017270607774530399,0.00026178258748780537,0.0041827888697549458,5.0276604367981277e-05,0.86788299339975694,0.015693706631459102,0.028052312981196072,0.068962765757975358
0.026975021317271735,0.00023759696125177392,0.00026959171305950111,0.0012140673840227742,4.6055518058068739e-05,0.00096779286934246703,0.0029314925990213676,0.86594242125891729,0.10141596037905498
0.0041566883938342816,0.00013300530815910355,0.00050899707846816249,0.0037625624769635573,5.0053870499038172e-05,0.98743536288193012,0.0013059008502403241,0.0020719898227030634,0.00057543931720238097
0.012744664024364227,0.68299435913788853,0.20214174576770733,0.071262100018887137,6.0833802364296022e-05,0.001491625066945577,0.010065997906841878,0.0029800306416898851,0.016258643633311171
0.073259941698630218,0.05874027515769753,0.086116214614258599,0.0081952151918109409,7.039078494130768e-05,0.60203954950232985,0.082219738054653393,0.06870367004918905,0.0206550049464891
0.072338128183804321,0.011252207580960401,0.013384203803455679,0.01321607406077507,5.0113581360059065e-05,0.022246464525343575,0.0070317208300776811,0.061496421185309659,0.79898466624891351
0.00053684973196146415,0.41269355427575649,0.29572618889938196,0.28128068059481004,4.9945799024373403e-05,0.0029924462670016709,0.0040094893345887766,0.0012127081738774396,0.0014981369235977789
0.029201477183660729,0.073019505232026619,0.052593971292470773,0.026886430564622133,5.2306590054030149e-05,0.11027171959497546,0.006761216516390894,0.0091588423541960669,0.69205453067160339
0.009655691103317883,0.16530352189610281,0.75889811380566907,0.0023687059007996129,0.0011169882315724717,0.0042902840675631652,0.044341728212587597,0.0092470104344726505,0.0047779563479147906
0.030308331748656304,0.00012827127390559618,0.002818216764317422,0.0012942553022936151,4.9204885045311647e-05,0.0093867048972863104,0.0021890470535154212,0.94184254012387958,0.011983427951100393
0.0082234879594169537,0.78613227263030494,0.15186321263604247,0.011266869267543708,5.2690340748124926e-05,0.0027513527333883235,0.0037692946705514783,0.0023865438487132721,0.033554275913290826
0.00054916689097908621,0.32657831052081243,0.27444436667048533,0.039934830495627918,4.9348052040301704e-05,0.0016021229138189579,0.35234696406110172,0.0038326699704816112,0.0006622204246525663
0.0061818654526554139,0.00086259383359370474,0.0014147651732338601,0.002425311629605078,5.0189945008200995e-05,0.97738653275601295,0.0081074013741089749,0.0022522806060798132,0.0013190592297021113
0.0005247791585908855,0.39303186855038086,0.60018084672022043,0.0012326963898327246,4.8197259760382467e-05,0.00060047375349563841,0.0012495968083369783,0.0025980694187585822,0.00053347194062344848
0.00054448013369442637,0.9929039821194291,0.000958546980270647,0.0022823241753681641,5.0225438017545033e-05,0.00062733891444652302,0.0013067579774681442,0.00074845937039018872,0.00057788489091525311
0.0027822673429905606,0.067661903445559266,0.85532091883053096,0.041831927983962819,5.5405016489124677e-05,0.0024716427726546126,0.025270633762137302,0.0039781451974427199,0.00062715564823267339
0.0028553108537661023,0.47943360370942295,0.22848520230973196,0.17607614127154309,6.1398569874960939e-05,0.089510349565023656,0.01448495284518519,0.0072758859401929723,0.0018171549352592072
0.48888494315333703,0.010496964001619995,0.0029484745658079408,0.0014938075224265029,0.01026173734735924,0.083850497877951805,0.024021308534053133,0.28203891336718995,0.096003353630254418
0.13920793354373612,0.20995738891073992,0.025726948172970693,0.011922270863860421,0.0091083123120478809,0.4144664049357864,0.065248348569345471,0.035050653578304752,0.089311739113208347
0.00055016593267480374,0.76558157348372391,0.21172560251534142,0.011288739039811427,5.0884993453122273e-05,0.0064221383393481659,0.0017683621862476261,0.0013061352715622557,0.0013063982378372248
0.07960155741165055,0.0013514645281355589,0.0020448232875407407,0.0041718739557407838,0.0014604500225671275,0.056972985361200948,0.037466996834051504,0.77771434870915579,0.039215499889957005
0.0022424829302537591,0.35966397517232451,0.031270794771770319,0.59576545133107683,4.4499918949083605e-05,0.0054832872861540942,0.0033653932025472502,0.00061067356612840777,0.0015534418207956975
0.00053687301523285317,0.8123600811788485,0.11770640306477173,0.064828497472824598,4.9585359177480192e-05,0.00062166209851096418,0.0017312399053325887,0.00074014395006804991,0.001425513955233326
0.00054450231420984639,0.00013364041068281743,0.00027907911777001065,0.001305240416682125,0.99448568264261772,0.00062608336525602144,0.0013037948797296392,0.00074787115919464303,0.00057410569385734907
0.029784453028745307,0.00026666900897873792,0.00074406302153071113,0.0029011811941141337,0.00028529807154579958,0.0045485748824041572,0.0066268941991753285,0.93010846065023911,0.024734405943266712
0.00052910137541584243,0.76584711343625633,0.20824661508274467,0.022064280345491939,4.8971779435312492e-05,0.00061148242800123515,0.0012668031012098343,0.00073115040536537849,0.00065448204607949402
0.012208013115710757,0.00013088553221075441,0.00072400737970122785,0.0036630958952502532,4.9731234010995398e-05,0.004077837078003947,0.0197938373972283,0.95757489246512983,0.0017776999027540445
0.029400541784104152,0.0009129188238657975,0.0023848669747588798,0.0038465811436824661,5.040480512390798e-05,0.0074876455528446045,0.0030298046514291668,0.0039975807607761137,0.94888965550341486
0.00055640532420494365,0.98360442284586236,0.0072630919862895407,0.0032312214958296489,5.0474454990565249e-05,0.0012317620338522042,0.0017985336956758136,0.00076579259757995574,0.0014982955657149781
0.0011991336310737373,0.98910078364552712,0.0037682082726910341,0.0013146517608421102,5.0593515567804345e-05,0.00063010371122305465,0.0026053268981606412,0.0007536953442099666,0.00057750322070447102
0.0005301931407160472,0.57431223623925465,0.41168502668958384,0.0044507925110054084,4.8776015215523132e-05,0.0022515204118984562,0.0012758141380165772,0.004161425362477821,0.0012842154918315588
0.0093145577047190446,0.26285068550493984,0.6984481795931905,0.0033752009277132839,5.4616640808908188e-05,0.0026263250890961967,0.0064645997870712377,0.014200830722795826,0.0026650040296651977
0.00054541650630369283,0.00013371505011911482,0.00027987185336370441,0.0013091160658930852,5.0230539280742721e-05,0.99504851644193815,0.0013074267019081091,0.00074957636159848277,0.00057613047959481525
0.0080032479582067238,0.00088189150014654255,0.010183899426276059,0.002994771357432023,4.9485741084258384e-05,0.94494893047468353,0.012947525204984317,0.013854079251775214,0.0061361690854112323
0.0005840782653759554,0.1119013427482046,0.76917373859196181,0.11355906052429612,5.3817177768853657e-05,0.00065969747306476813,0.0026768797858262019,0.00079110566215853488,0.00060027977134311081
0.00054541650630369283,0.00013371505011911482,0.00027987185336370441,0.0013091160658930852,5.0230539280742721e-05,0.99504851644193815,0.0013074267019081091,0.00074957636159848277,0.00057613047959481525
0.00054320791345251977,0.85872572936358049,0.054741387806055808,0.082692898440181545,5.0178944123143454e-05,0.00062255301367813976,0.0012988867639454431,0.00074064653721855086,0.00058451121776439843
0.0097498281498380607,0.076674084721589944,0.055258689095416057,0.036914931508127857,0.60412629097647585,0.065533754000144551,0.0081649517128286244,0.045128756909416791,0.098448712926162307
0.0018769306663645696,0.00017150437119961857,0.00095658761396600245,0.0013110266056367197,5.0314217648478714e-05,0.98259767326129632,0.0016729965088217041,0.0097838035692946086,0.001579163185772101
0.073928946087129105,0.0015136557718375345,0.00080574721348447131,0.0034211673602522153,5.0550984965270826e-05,0.90079294195115178,0.0079328932363681142,0.0060358095469240231,0.0055182878478874662
0.073079741920476671,0.65376293265198926,0.061514036740372126,0.0082865592048729682,0.002000283362955429,0.0050003232538134452,0.049327809232568721,0.0035372888589987133,0.1434910247739527
0.023103821209364252,0.1168586488323831,0.042905734119220849,0.023675574066508488,0.00066902254065627899,0.011659529237812207,0.048373915653795195,0.71777293146492371,0.014980822875335925
0.010402966908395895,0.00012459951935944036,0.00094508011405938807,0.0021343499814553673,4.6954109123809847e-05,0.14646899468547994,0.0073554242652957959,0.8221280731070717,0.010393557309758716
0.00054792172158732715,0.9252454989501947,0.055240555222314094,0.010766428804848648,5.1173693386127371e-05,0.002485583795536042,0.0040317897749832816,0.00075108886805626458,0.00087995916909353077
0.00055455578892531915,0.45014676544354859,0.3916233969945786,0.14547603012571944,4.737949063909351e-05,0.0036325463281546197,0.0068181610500499647,0.00078776706380512674,0.00091339771457911998
0.00055101036437256044,0.67698712340663036,0.28433695393198749,0.033590018182878052,5.2335784309068029e-05,0.0014117876061391361,0.0012906807296145871,0.00073944597686028519,0.0010406440172085183
0.00054333483811907373,0.99132876213428212,0.0028192569275139225,0.0020139753959096639,5.0153819599356291e-05,0.0006242519364137324,0.0013007676463809553,0.00074520236594711694,0.00057429493583417994
0.0059120486313283937,0.28420622846952986,0.24627203824732552,0.34219784053632268,6.2681819035936639e-05,0.026737227882534419,0.090299773158496563,0.0019979916756393879,0.0023141695797871966
0.021241317413013643,0.0039973590385072423,0.0010281715908305102,0.023696840216963059,5.0213269107211072e-05,0.93301812176171273,0.0093790988289148662,0.0045790831486967479,0.0030097947322539698
0.0173410142009819,0.00013264655513153364,0.00050587101518937869,0.0012903699088935255,4.965198610648888e-05,0.020233520005874597,0.0046813300905899731,0.94771317468129068,0.0080524215559419181
0.00054541650630369283,0.00013371505011911482,0.00027987185336370441,0.0013091160658930852,5.0230539280742721e-05,0.99504851644193815,0.0013074267019081091,0.00074957636159848277,0.00057613047959481525
0.066970698359266043,0.014386917526792975,0.021504967922628501,0.0018206591849116091,5.1624486170492759e-05,0.020179030811226691,0.60464042586485489,0.242757637152059,0.0276880386920898
0.062468738269302035,0.15273698956947346,0.068283818391333059,0.14224547132235818,6.4462167669088053e-05,0.10074650421637583,0.40364455680099265,0.037808821080745771,0.032000638181749828
0.017710273427802483,0.0067345191720107906,0.00028676043648603151,0.0071022072135306759,0.00093281926328377183,0.0059398592262491076,0.0031221970314668302,0.0035937689236263254,0.95457759530554398
0.004145671914643885,0.00013253020732227182,0.00027757042474684711,0.0013096562326751456,4.9780853953324491e-05,0.0013317427012168568,0.0017634091969891449,0.0011715478210641052,0.98981809064738846
0.0072049868629611323,0.0030156345690599447,0.0012081715928541437,0.0034088197777166402,5.0406766001225813e-05,0.94678666324397986,0.006260782323294742,0.023338505684448257,0.0087260291796841249
0.00059045968432465965,0.081557672159982803,0.90701847195719698,0.001407364326113937,5.4497738089831919e-05,0.0014302615245986856,0.0019002258236096273,0.0054194144369392756,0.00062163234914425799
0.00051901287385921558,0.80763175318193703,0.15803685441148857,0.030122238664554896,4.7806773404154043e-05,0.00061581580515379024,0.0017264431665413923,0.00073058843373393267,0.00056948668932708653
0.00054382208750903204,0.00027710025102786377,0.00053078346278400909,0.00303411340707338,0.99236528932530776,0.00062536330367018804,0.0013027672794656744,0.00074676216887216223,0.0005739987142900152
0.25579567877405263,0.31750766666604541,0.083770646738945673,0.014931712143256884,0.044636389541789265,0.0085332319765254513,0.057565252140135678,0.017635555112886381,0.19962386690636261
0.0035141612480256599,0.00013350119477219366,0.00027948972246280405,0.0013081631665283005,5.0199812949580732e-05,0.0038919168225524407,0.0013076770544170439,0.98641439783459239,0.0031004931436997259
0.030420359574657975,0.37637698106025785,0.13017413446947951,0.03017421387205264,7.1841541136446612e-05,0.096327815456531893,0.049339992176637822,0.014242948501915481,0.27287171334733035
0.0031895323618456846,0.9530194462589705,0.0024362955635324523,0.035134821018835111,5.178914693011738e-05,0.00069948566219190593,0.0030445982044081791,0.00076449325140717371,0.00165953853187896
0.0012085486143865818,0.0001341998524522249,0.0007275474214422904,0.0020246556338984014,5.0327380263764814e-05,0.99214786140189781,0.0013085810416716089,0.00081725332873697242,0.0015810253252503622
0.014013223500332633,0.00031086131487517482,0.0010000149502871897,0.032709740623231662,0.0035037579315052676,0.93002296215678082,0.0033927268117985047,0.0057875149808799169,0.0092591977303087738
0.025177775970354931,0.22917122787929517,0.17495406708142924,0.029662513402018382,7.7075443145906882e-05,0.061407474138577112,0.22002981362778576,0.063642192758178104,0.19587785969921537
0.0039781679153469965,0.00013352141958862025,0.0002785845936142171,0.0013057887704524258,5.0241610149365767e-05,0.0013195427664416605,0.0013068879791511001,0.99090130435968615,0.00072596058556946303
0.3869785708341863,0.00012828135400165617,0.00020283563271704914,0.00097887640601341608,3.6926814654909827e-05,0.00051402834006652586,0.0063586897695169812,0.010081108756441758,0.59472068209240148
0.019169322057617962,0.12155943735481915,0.047088956822736158,0.0042491983787046753,0.68365851998133098,0.018118417593039313,0.094882149845200783,0.0087378447244869269,0.0025361532420640743
0.0085590388201697617,0.68019034049068361,0.27250897793707279,0.034192591788272289,4.8675889038720792e-05,0.00063149262349805905,0.0025474067699804196,0.00075523363131342288,0.00056624204997088377
0.67673320933301984,0.0043313172486356948,0.0038486052733783813,0.0029113902604684886,4.3079473080411846e-05,0.010441711744972416,0.045626716094153454,0.22602127845802897,0.030042692114262321
0.042318900792851895,0.0011862237472165164,0.00098487904248174005,0.0012232089880493033,4.8360397758118981e-05,0.015205701794324521,0.81829876518098654,0.11196791979532472,0.0087660402610065889
0.0026605288095751223,0.89204345204277558,0.061085907284481468,0.023790034406122384,0.00029894504117542505,0.011054704465849653,0.0037974312339487844,0.0023192047948225316,0.0029497919212490994
0.00054976822455480765,0.89910072375185757,0.073206411621333983,0.021224788951339037,5.1163153525970336e-05,0.0016032545041029355,0.0026377306792877237,0.00075961534951017302,0.00086654376448773549
0.0005414751379826079,0.00013274009561791631,0.0015858729484134154,0.0074621502202609742,0.98619986182182673,0.00062374490003722289,0.0012983504523573248,0.00074532009086494854,0.0014104843326387937
0.00052709393210364456,0.49050207556372111,0.48904279872457107,0.016287304498432097,4.8662534158864577e-05,0.00060819695141092344,0.0017056763544125921,0.00072720745834317679,0.00055098398284662321
0.0023233009714549693,0.015849999443271583,0.0029988776436771693,0.0019726833519214623,0.9658330746677668,0.002975291839019901,0.0012768557497593203,0.0016135851305338338,0.0051563312025948342
0.00054940270001431132,0.55836810629082478,0.41477748182721424,0.0013008421747005615,4.9852558078845313e-05,0.0055524617194134002,0.0039539638269052036,0.014872056585487726,0.00057583231736091129
0.0036849893684233305,0.00028066116025750613,0.00098508710546688213,0.0013130797842775869,5.0283681153977351e-05,0.0063797748630756521,0.0054160769057526228,0.97729471944609492,0.0045953276854975482
0.0044814186987720194,0.92939297354286343,0.042535502901553196,0.010701997194203184,0.00045641290114015328,0.004999497357007417,0.0013617140161459821,0.002358383720819735,0.0037120996674949807
0.0011145274957479606,0.00083809166857100152,0.0024619030300228073,0.0022787421187514313,4.746707327540305e-05,0.123149851818575,0.86483110472316871,0.003917203913753285,0.0013611081581344562
0.0005206124081296742,0.058949050248710014,0.0012268824734955163,0.010161702576100873,0.9228480946261387,0.00064953924248981791,0.0036584370000439263,0.00071063474447306558,0.0012750466804184492
0.0005441109376204768,0.99233651669400369,0.0014480404639088571,0.0020150718014481555,5.0217547872894591e-05,0.00062491154391760098,0.0016604761257628484,0.0007461666993731328,0.0005744881860921938
0.00055253685907709479,0.45665091775477373,0.51159502008751767,0.012452138455367214,5.0305341905786385e-05,0.00062917413696606753,0.016756563183174328,0.00075838616700955441,0.00055495801420845584
0.33111680595666193,0.014879679928128265,0.024823206387500629,0.0084202619081897544,4.0863540928416458e-05,0.003350517211907985,0.0057055349579725589,0.0060883493182417774,0.60557478079046878
0.0011753524559461677,0.78588854046391732,0.19670481814384638,0.0084043176596641199,4.9582255168537667e-05,0.001919197009459836,0.0025152614478162008,0.0012566719094078461,0.0020862586547735463
0.000540278690542906,0.93477035199537473,0.035701544360870169,0.025717768501427256,4.9513696270795324e-05,0.00061792395420366545,0.0012882115971353772,0.00073604698582416131,0.0005783602183509624
0.019670329005942459,0.45889479615680562,0.24124685667857237,0.025915114735383327,0.0043845242571987578,0.007162294597088799,0.11827297960563479,0.0040044014882390936,0.12044870347513477
0.00054582243986918215,0.00013398073546625719,0.00027987185336370441,0.0013100547115595363,5.0280668591524307e-05,0.99468214687194645,0.0016711369552925934,0.00075042325867746352,0.00057628250523323427
0.0091376431420977251,0.0001337406211520936,0.00027756804860908107,0.0013065790092252328,5.0012827040778237e-05,0.96778598269856919,0.00580628762595785,0.013484067190971238,0.0020181188363768221
0.001793192915570272,0.0016149701813383695,0.0005003876581099676,0.0023950518880533657,0.98394417017313329,0.0012068761580349952,0.0025575662629773576,0.003450172199051174,0.0025376125637310877
0.0039607615384909456,0.32224060708794511,0.024997663029410096,0.0027265914375301284,0.0074009465618749522,0.006048546592847209,0.62372052715754767,0.0041264748375132807,0.0047778817568406408
0.00054702306816833252,0.98612928528518928,0.0060572479306583715,0.0037840931088605973,5.0208404043879765e-05,0.00063096898881885295,0.0013151837895429698,0.00075316792354126127,0.00073282150117639773
0.0060025515320428838,0.00017028847998291349,0.00027883421853787421,0.0012989678941518923,5.0085288639855566e-05,0.97631743899886136,0.010329414782457955,0.0042227767908592697,0.0013296420144659304
0.00054405288933492683,0.94173496608172247,0.044663848822611804,0.0087427529315108193,4.9513669903656295e-05,0.00062514208708188551,0.0017441499023519661,0.0011754062509571881,0.00072016736452536667
0.0012002102229540076,0.27250838516461895,0.71879679057492929,0.0012728420362074842,5.0638801647018304e-05,0.00061027934298765686,0.0026144982793435503,0.0023840661329156223,0.00056228944439639609
0.087717630755558398,0.00064237126012988398,0.001477410886738391,0.0011367808066324726,0.00078855697348765544,0.0035352425357743412,0.00550543551986463,0.31230343416189732,0.58689313709991686
0.0030637472308930767,0.00013010778689898642,0.00027520153394490065,0.0012945703967123007,4.9173688230489016e-05,0.0023305067410611174,0.01964170248857618,0.97120987775907053,0.0020051123746123761
0.00054450231420984639,0.00013364041068281743,0.00027907911777001065,0.001305240416682125,0.99448568264261772,0.00062608336525602144,0.0013037948797296392,0.00074787115919464303,0.00057410569385734907
0.0012159421721027067,0.82981281911797444,0.14460179027424264,0.019074495739051865,4.8857486317652547e-05,0.0021845449376844805,0.0017510175552190904,0.00074486524082402147,0.00056566747658319885
0.001223573352305255,0.00013395132878858416,0.00027989660109152998,0.0065132169837291611,5.0315138260337636e-05,0.97817441983726905,0.0081715343675313936,0.0041277978927331278,0.0013252944982914904
0.0065206590651169048,0.00013362662543096019,0.00027762713725847316,0.0013026973306670795,5.0002945498706963e-05,0.001840236630655609,0.0066492594788679447,0.98203040004123243,0.0011954907452719245
0.0011890541783581171,0.0001337458503189469,0.00027955817564798201,0.0029986290843396924,5.0163284179337296e-05,0.99062370476566808,0.0030553523052079179,0.00081641222555699688,0.00085338013072292114
0.025694521052803017,0.0031504619181896981,0.0030774857547217682,0.0050238640633605393,5.3119128000437436e-05,0.23532465722821477,0.37082240824042978,0.35432095205807557,0.0025325305562043177
0.00051415422373560292,0.73996049112297912,0.22926828220354603,0.02658910516193641,4.9097270517429198e-05,0.00059186734529481958,0.0016377648944132625,0.00070660764843140345,0.00068263012914591189
0.034688625057967749,0.00053840729931429522,0.00027717749445227782,0.0012954094612399902,5.0479694550323927e-05,0.0097248098462594263,0.0097884201886882759,0.92044971562780642,0.023186955329721308
0.18736743338228729,0.0020739837391128427,0.003399514590357216,0.0034855716606884677,0.0015918538276064828,0.081667815896910481,0.020411689575818241,0.64241410646537034,0.057588030861848639
0.00054503848038965565,0.00013396535529025381,0.00050697008620221977,0.0024250323083629013,5.0277766671523664e-05,0.9881174805825832,0.0013048143454520681,0.0063419626849538406,0.00057445839009438314
0.0048084259252293158,0.00013320054256896018,0.00027812140231879285,0.0013077122037969723,4.9988145775702093e-05,0.0038631883898792062,0.0040520307801746409,0.98430998332014119,0.001197349290115198
0.0026339592596921714,0.80127822694193074,0.16753375391833425,0.0073794657469940118,5.174275348621947e-05,0.0020795179259274991,0.015889544407119947,0.00085638195763275611,0.0022974070888823125
0.00054846026117681126,0.98004850121534148,0.0054407352649569456,0.0093510218044073733,5.0131345259677102e-05,0.00062878902983273723,0.0026016425093714889,0.00075099986730824901,0.00057971870234523417
0.0074750738261184753,0.00055610077029098488,0.0049029258922161532,0.0029230570253702551,4.5365851533687201e-05,0.02528712010820584,0.069095052167113383,0.88349047548228798,0.0062248288768632131
0.0081176349471347199,0.00013439978915354898,0.0028677748207661686,0.0032379895282378889,5.0690231991495124e-05,0.011532562971865149,0.0013366894278590206,0.006203518188516494,0.96651874009447558
0.025495728441572284,0.0051256663146905619,0.0049533927853432523,0.0020353585860376257,4.8859228096114338e-05,0.021775726894146596,0.023797929838717514,0.91384601089817141,0.0029213270132244919
0.0064652380192594481,0.0072271464358987332,0.00028229613171840763,0.0035605007985991229,0.00038472135918293798,0.036422933274798341,0.034890334983992063,0.90092933669040476,0.0098374923061461048
0.0025765623318079918,0.77163813544325599,0.18122976434767094,0.030465982117312919,5.020039970956719e-05,0.0014531042360308351,0.0072760612057547729,0.00077031697097867924,0.0045398729474783236
0.0024860853037295219,0.89541016553454145,0.080098222911224065,0.014252790912034935,5.1714656888120192e-05,0.0010846259430335064,0.0021757404375085656,0.0038411215278954503,0.0005995327731443007
0.0084216010902373462,0.0025524222092841043,0.0027032425476729849,0.0060994442417200258,5.1077595297589651e-05,0.0029622471007899648,0.0035522284960651787,0.0015921269698468867,0.97206560974908596
0.004092436796128026,0.00027950054725156103,0.00025783043004214666,0.0039386360233349032,4.8831321210531874e-05,0.85128094111585573,0.0016202202255014529,0.12970087075331174,0.0087807327873640432
0.0042036832775312581,0.00017247115264242371,0.00072508325750384134,0.014641429532815681,5.0419643301578531e-05,0.9658828584943796,0.0057134702181696395,0.0041159484990152557,0.004494635924640708
0.082645723818957739,0.00028064108634018423,0.0029049830919007586,0.0030714254326508136,4.9340350404503182e-05,0.79887028768739121,0.018406698567310552,0.011010148945666492,0.082760751019377729
0.0023734846689017074,0.0001672561899819291,0.00027401469754620444,0.0029742668920050386,4.8985843571823214e-05,0.022722264166027635,0.023394968258756071,0.9473346702533979,0.00071008902981163614
0.0011990861641453887,0.00017008697521745398,0.000278448770620147,0.0013036566443315682,4.9969777623993527e-05,0.00062529634375736265,0.0025969166101436226,0.99320336115292496,0.00057317756123544193
0.00041740052107130623,0.013520200659392075,0.3556409826526904,0.0058115952946861766,3.717154023662414e-05,0.001836265311577422,0.62121758955764361,0.00096061554461526906,0.00055817891808699152
0.0021405768369039532,0.12024166245011536,0.79904047569019521,0.044310827087799168,5.5091682523773195e-05,0.0060240293208100636,0.0098152146940103987,0.016946726863477403,0.0014253953741646607
0.0067398815822808811,0.0029413158648006633,0.00076368050926757351,0.0012992269346967238,5.0794371180779779e-05,0.024654016750766884,0.014016692299613725,0.92036487568050673,0.029169516006886047
0.33651890070232798,0.00071713988359267699,0.0059849820878045976,0.0028541202367112347,4.6024129885179806e-05,0.013453011881648685,0.19432760587306275,0.42910753236262833,0.016990682842338619
0.0087983936552547895,0.40599058601381344,0.30005593730849611,0.18228400986280757,5.3992705129350885e-05,0.0019686526237774988,0.097863584073510673,0.00084197455581412096,0.002142869201396406
0.00054620729203816779,0.00013352141958862025,0.00027884590236495392,0.0013043712417933296,5.0292144305183253e-05,0.00062630819434521397,0.0061834503427059912,0.99030405158477297,0.00057295187808556469
0.0019829453996539044,0.015031153613627894,0.011029420250517804,0.0087218200746230247,0.00040287819232921897,0.06760078041873005,0.011066599317798983,0.87276277616637277,0.011401626566346358
0.00053670148411506227,0.58762845920332984,0.38374385751608731,0.0012896157716541239,4.9121566785590025e-05,0.011328022236779025,0.013703994549801405,0.0011598748976970245,0.00056035277375055957
0.001767190085472703,0.00017130813646244863,0.00027961137638766548,0.0013089293540266644,5.028138527083012e-05,0.99122884045418613,0.0038681948740934722,0.00075029641561021249,0.00057534791848983077
0.0060402080254394908,0.55586839782325581,0.15957921435914979,0.26340822358706345,5.1772014764306719e-05,0.0063592628925049381,0.0059090428975610513,0.0022085562876635089,0.00057532211259756372
0.00054627549038731369,0.00017208835043450177,0.00028024696697946194,0.0013116175871574743,5.0384735358670296e-05,0.99403913806321265,0.0022050646488543501,0.00081791145334429607,0.00057727270427126109
0.0030769777720575007,0.001457917641277229,0.001460568635600907,0.0013055854331282804,5.0021931198705413e-05,0.97063252309949521,0.0078254688373708588,0.012121983454570972,0.0020689531953004122
0.22576195074175365,0.006113392484553835,0.00051756914079683345,0.0011861570616619689,4.5863915855843114e-05,0.019868391122790652,0.021625014994747144,0.69500175687524413,0.029879903662595936
0.0012135073828814743,0.00013365887451806331,0.0002776655307333213,0.0024111996706033573,5.016687579150901e-05,0.0041246907816735335,0.0025761559214310791,0.98864077641374237,0.00057217854862521948
0.0024537179163502485,0.00028697198043955155,0.00050925398348059881,0.0013219162512902185,5.0563881649255227e-05,0.001582550748578749,0.0013229235170707124,0.0078854759146596426,0.98458662580648093
0.56741181132740026,0.00055009211592773537,0.0012673216119381153,0.001091037639985109,4.0504979396048464e-05,0.014982878741151553,0.0096825885125986916,0.069349831352068431,0.33562393371953403
0.0083450577789490922,0.16704518410217734,0.056613852827617904,0.035181074338783966,0.00041842154393511655,0.024649852813025983,0.0078227549136658699,0.59272087381360061,0.10720292786824408
0.0012271303243422218,0.0027259938113138845,0.00027861061302872776,0.0020113210540406426,0.00091141559412116833,0.95016809557345405,0.014086642194367477,0.028019700509654921,0.00057109032567679067
0.010298474271768606,0.72307151321616325,0.24281556776951119,0.0025557498765250196,0.00043101072892433382,0.0048506710190323677,0.0058257225417843866,0.0058826290204860941,0.0042686615558048188
0.026662139339742263,0.00027628510344026035,0.00069583768401686207,0.0012787069754806094,4.9922433318963306e-05,0.92622709158317673,0.037986637235577679,0.0036856920451812493,0.0031376876000654549
0.00054450231420984639,0.00013364041068281743,0.00027907911777001065,0.001305240416682125,0.99448568264261772,0.00062608336525602144,0.0013037948797296392,0.00074787115919464303,0.00057410569385734907
0.0083647860318398926,0.00017207137694719393,0.0010303283703924854,0.001318836574964029,5.0672351892625314e-05,0.006909709687492353,0.0016820357156385178,0.0012969452757406825,0.97917461461509225
0.017355088392034274,0.00087430347461300156,0.00027587513291992618,0.0062097450975298436,4.9193406357057793e-05,0.90236045027727729,0.043438925474004617,0.016462639917630851,0.012973778827633165
0.0012062935539928314,0.00013378837969675668,0.00027939166235926253,0.0020132789938167627,5.0264716413525202e-05,0.010175143456085499,0.0013028093200080019,0.98261279563416637,0.0022262342834609588
0.041025678534550462,0.00082990808490019839,0.0002351337694593021,0.0011645192321485126,4.5928500964463019e-05,0.7750557268389372,0.16721267744004584,0.010196358846516772,0.0042340687524772755
0.00042891827612425343,0.094751356551508653,0.33803718821245915,0.56418582161659614,4.0719979803404522e-05,0.00049611441242345343,0.00102659155680892,0.00059765988149199198,0.00043562951278402031
0.0073153385467773276,0.034311632560346514,0.14199559001375986,0.11785743579850209,4.677069641833032e-05,0.038553911040463081,0.65067068749308521,0.0024574325192900596,0.0067912013313575258
0.00048450482425280145,0.17009006641467844,0.25448319964646476,0.55094434146274729,4.4256102845827575e-05,0.0016923983920877253,0.017896557238928738,0.0019710162244943319,0.0023936596934999665
0.018408267963210337,0.00016784432992992103,0.0031404623155713864,0.0024264589407133699,4.916554430857298e-05,0.017682719775967685,0.0383665490597241,0.91801127403160832,0.0017472580389661079
0.0019217541195487326,0.81356756221451554,0.15895150385029744,0.017427271692334875,5.1605380464077443e-05,0.0016781005078970548,0.0034871469251547328,0.00076693757349657486,0.0021481177362909442
0.83265685438027326,0.00015551022741149004,0.0034786334354108563,0.0022008064135683259,4.5805124124235486e-05,0.0042705691658349188,0.008882184403719344,0.14394850816515831,0.0043611286844992591
0.008721371241890926,0.039699373598029906,0.02551202341268315,0.012616849456314212,4.7483604058691067e-05,0.03218262825644299,0.87464407693850654,0.00546705462183124,0.0011091388702422268
0.011070184819614994,0.0010275665215692038,0.0012394781917296129,0.0041795953233153662,0.00039554103859559516,0.96352172266367186,0.0079401065464968675,0.0070766201638283507,0.0035491847311780742
0.00056904019971386994,0.69973600411448056,0.24966049219601269,0.039348626015567052,5.136095750387571e-05,0.002704397896708646,0.0022663095546827548,0.0016430345840096256,0.0040207344813209664
0.0012212170052919729,0.68371869867390722,0.22885058051434179,0.076193729534300009,4.9674599499531641e-05,0.001459755603254469,0.005712105769258553,0.0016342352971122818,0.0011600030030342291
0.0055154440054863132,0.00028019659723965787,0.00027902728607275896,0.002428503397240417,5.0184196391775251e-05,0.98838701693342446,0.0013069272212635542,0.00074915461629249699,0.0010035457465885991
0.0017996716049642405,0.15246183505996411,0.42381754015395739,0.40457726786682374,4.285741043540219e-05,0.0013490275951677478,0.012300803602667266,0.0031605194292110617,0.00049047727680895305
0.011540286458372561,0.00013269851673739739,0.00027551380613486022,0.0031135373751046296,5.0006056561646597e-05,0.96272502064173371,0.004836314411766034,0.0035398505242631708,0.013786772209325931
0.00050784782261256299,0.70785734262043931,0.28005879723527094,0.0070915932913729728,4.5636637791032032e-05,0.00059667851433538917,0.0020288596644976349,0.0012733741663047522,0.00053987004737540939
0.004144010450230334,0.47913133625202259,0.46120673032894466,0.032959272318994107,5.0118547455046137e-05,0.00062612595862425111,0.015068074222320132,0.0022026401396515222,0.0046116917817573145
0.0012740025858692453,0.31555356507994381,0.56410625454523089,0.10990225366327566,5.4809088264479503e-05,0.0010164053767537928,0.0036782809329487763,0.001778339592653833,0.0026360891350595056
0.00054182751538030217,0.89047019325414711,0.090944767639165008,0.0054533387109893389,5.1419721256597575e-05,0.0018416097434379376,0.0069175497614123128,0.00074807084896025896,0.0030312228052511341
0.003129000048129541,0.59391504809432583,0.34542990722591926,0.034188843431981128,5.0459693797371732e-05,0.00069472732997250919,0.020758762531061174,0.00076191160817195452,0.0010713400366412608
0.0071572153254057733,0.49955006690720599,0.39126902713924328,0.028795799833056458,5.5777002804833695e-05,0.0058719838626621812,0.010684674676910652,0.0013677588338190552,0.055247696418891733
0.00054026995013448456,0.42654916070557924,0.45906916306848633,0.1086316841025593,5.079087911679998e-05,0.00061332797140112858,0.0032487589378603411,0.00073533689415536114,0.00056150749070698897
0.00054292542216183141,0.90797246250533747,0.073752584435130747,0.012659413157176813,5.0725725837899889e-05,0.00061216800044914383,0.0012720857815116452,0.00073418843656537552,0.0024034465358289581
0.0043080406810337641,0.14615111037705214,0.10086137660292123,0.20728336269672129,0.00038160006691865308,0.51082627391546309,0.0099070663460635016,0.0072974198547468769,0.012983749459079482
0.00054450723243824395,0.00013352141958862025,0.00027882413941796328,0.0013042850340458281,5.0177814648296911e-05,0.00062584386140171846,0.0025838905834771097,0.99390535734821195,0.00057359256677015755
0.00052590671028214812,0.30777197345384955,0.68675498043691441,0.0012542889169960224,4.7663506176248452e-05,0.00060712076511854735,0.0012627224840054204,0.0012303282206184564,0.00054501550603929102
0.013513102538057677,0.008576109719873385,0.01578243770063268,0.0043159277453582515,0.00028998802399748046,0.018906619570672332,0.018123840143865016,0.91402172776454171,0.0064702467930013354
0.00054435172580096685,0.00013340032477404632,0.00027918005198596422,0.0013048433528574607,5.0154966570075417e-05,0.00062572419357968465,0.0016632767418762746,0.99467372784476837,0.00072534079778720391
0.00054486948672756322,0.00013371505011911482,0.00027944959505315896,0.0013076444229461468,5.0202504730950846e-05,0.99331741676499374,0.003042285511847354,0.00074897797378969781,0.00057543868979221592
0.012613623629117349,0.03865283675807548,0.00074213317419504594,0.0062581261075346298,0.78212644398043085,0.12182724580995026,0.03211422816915508,0.0041128525664128734,0.0015525098051283851
0.08446147699290088,0.29766917963682549,0.12575662971725468,0.011676928848048973,6.5110319922514836e-05,0.1569129311701111,0.2100706585905289,0.010331351542602979,0.10305573318180446
0.001152032039203952,0.00051589918589053062,0.00076323388417744251,0.001262368786895681,4.7522594887220671e-05,0.0043259760325330366,0.066089645879097575,0.92474815119243137,0.0010951704048833446
0.00052194284154884359,0.39615090191033431,0.58693812306759396,0.011874723018585324,4.6710541105792719e-05,0.00060421770441910127,0.0025809517270755562,0.00071857098396068753,0.00056385820537631067
0.0012200153129235678,0.33436255189326458,0.54084879677725262,0.11266490721697724,5.0893213846777257e-05,0.0026706923149924038,0.002267077181970575,0.0032103549196960636,0.0027047111690762108
0.0054237152702943129,0.00017100621917827229,0.00098019190018036237,0.0013079239018222843,5.0159140089445868e-05,0.9840373699468502,0.0032047802383650694,0.0040970899660807084,0.00072776341713924435
0.00054541650630369283,0.00013371505011911482,0.00027987185336370441,0.0013091160658930852,5.0230539280742721e-05,0.99504851644193815,0.0013074267019081091,0.00074957636159848277,0.00057613047959481525
0.007722394325844993,0.002477591671582788,0.0051741143880840567,0.0048219905581291817,5.080741302324318e-05,0.900625004506456,0.010412650079543668,0.064614304042859311,0.0041011430144768223
0.065509964259314005,0.20230793807337394,0.10353290996054484,0.0066146071800791363,6.807696902644256e-05,0.039229954349611504,0.058249226123191632,0.49437249973112829,0.030114823353730252
0.025827567608134854,0.00084931277630167622,0.00049548069768343985,0.001272648392912436,4.8691508130174363e-05,0.03968739646440933,0.0069080524810685284,0.92136696831556153,0.0035438817557979473
0.00054541650630369283,0.00013371505011911482,0.00027987185336370441,0.0013091160658930852,5.0230539280742721e-05,0.99504851644193815,0.0013074267019081091,0.00074957636159848277,0.00057613047959481525
0.0016985873865444014,0.88025072955177808,0.10773781796593199,0.0057287623816212017,4.8388208981983694e-05,0.0010290740006384329,0.0016727563128220934,0.0007183673742162793,0.0011155168174654731
0.00052545867625791731,0.40436632771347975,0.58792051675286305,0.0012342100391215052,4.9582738671612125e-05,0.0020141688792745648,0.001243605748881402,0.0021018766931127607,0.00054425275833741809
0.0028187384985083621,0.63146404142322132,0.26348769942304118,0.056325022963037208,0.00038160843277853173,0.012431647693342585,0.025468090402442172,0.0028527716546906598,0.0047703795089380583
0.0034919605997008316,0.97719315054385514,0.008171554614121607,0.0013320027988975231,5.0592322905186726e-05,0.0017070507165938774,0.0030999841883912107,0.0037366120933157881,0.0012170921222187331
0.00054857141759524688,0.57430073653914149,0.387978033047507,0.032457931405282782,4.8764766548312445e-05,0.00062229022881270517,0.001734445618207518,0.00074899000976496222,0.0015602369671400239
0.0051460232528389421,0.067710561968878036,0.047015347984272669,0.011495287841393021,5.0385595045453584e-05,0.021806328680335708,0.0042911570837211093,0.0026427666433107388,0.83984214095020437
0.0094986222819834487,0.08759365581708653,0.06514699568631481,0.038749114987501269,5.0366703524623837e-05,0.78724260980911764,0.0065716661262003638,0.0039322079721908444,0.0012147606160805174
0.0067942003765578572,0.00013450679949849782,0.00073122619712299162,0.0013144088356500977,5.0497860280213231e-05,0.97961205812043095,0.0017649477133739589,0.0084015306523230245,0.001196623444762281
0.0024331638050651022,0.0055160176686551597,0.0041266694347860226,0.0038327518022038668,5.1266337653147867e-05,0.0024745433509738629,0.0034831779821728791,0.97648425028733554,0.0015981593311544032
0.0005449176749634854,0.0001714898193653427,0.00078779231206825909,0.0024361557891081388,5.0254705371239422e-05,0.99026959701551931,0.0036564722612634089,0.00074878706759001507,0.0013345333547507767
0.0089123957549051922,0.29478695950541611,0.39569300596375134,0.033482008964773123,6.6156284506280319e-05,0.081586621469863299,0.16664525700809479,0.015185427641237736,0.0036421674074521709
0.0031820634912400345,0.64718936684089556,0.10188680706124623,0.2291458838771554,5.0328369526454795e-05,0.001383093095364453,0.014632395789885778,0.00076312358318527188,0.0017669378915008218
0.00055343949214013699,0.99050789719724386,0.0021566716785562995,0.003453991969237488,5.0759642289091101e-05,0.00063092368667056018,0.0013138840619172248,0.00075507523765577594,0.0005773570342895699
0.0011930130836443711,0.00017138420260045373,0.00027989688887694261,0.0013082078166758388,5.0236029538495813e-05,0.99350320104388268,0.0017495742517446681,0.0011684975755559747,0.00057598910748074116
