id,Class_1,Class_2,Class_3,Class_4,Class_5,Class_6,Class_7,Class_8,Class_9
47484,0.1013898561564551,0.13610902894886673,0.018204246842273227,0.00085686421902119857,0.0045550804714163734,0.021258413863442707,0.20721550229467442,0.24073489956125568,0.26967610764259453
30908,5.1698086266952992e-10,5.797048220202076e-05,1.1276231630234293e-07,0.00024599782851047222,0.99969590726924606,5.638745267045947e-10,3.7162931421740177e-10,5.8379061509164795e-10,9.6214497963996997e-09
49031,0.0026007033267865022,5.972323831702055e-19,1.1065918111864616e-20,7.4577501134634044e-22,3.1072363591975813e-17,1.3569848922275522e-09,1.195495982380455e-10,0.99739929519589532,7.8375738688892819e-13
35190,0.0004104731736744372,2.2456018935525556e-09,1.6126279268412313e-11,1.0857725825943477e-09,2.7407584663820584e-12,0.97162778615832468,8.7471910993768025e-06,0.00050864794625361169,0.02744434218040635
51849,0.062605328887142264,8.459632804696943e-07,7.4925456557805279e-05,5.7954699597725082e-06,9.431791956015357e-09,0.00020561365394504411,8.2857002299067556e-06,0.69061534196146546,0.2464838534756274
38821,0.00023508667334861029,3.0824562572254016e-08,5.0051328896421306e-11,0.00091094902730552338,1.7257237434096073e-09,0.99738490779592692,0.00018132976874480556,0.0011435885291565511,0.00014410560517991091
11287,0.0030364402306931612,0.59000366043140517,0.33248874349974261,0.028543646879867463,0.00012884391618343127,0.0055495240006281704,0.003136546501181948,0.0041843596258419168,0.032928234914456067
33962,0.021165996077312739,0.050766728375772167,0.012623996921010849,0.0037725810424270303,0.0010537253918319869,0.6856822517496407,0.14205073458846104,0.079663751656438575,0.003220234197104991
61123,0.001549195120279862,7.9365885342615457e-10,2.676146905772626e-10,2.8562727405966501e-07,9.9973764576967221e-11,0.0014588586493463457,1.4696934629983703e-06,0.0033682642397646055,0.99362192550862494
19849,0.000186433456154197,0.21452192573565906,0.24950496487005722,0.53205633303102962,0.00011539109201804942,0.00074805215091506064,0.0024782947209741981,0.00028265697202149622,0.00010594797117114161
59924,0.0035039932896958133,8.8752087642423057e-05,6.7300899320210594e-07,1.5536397172296159e-07,2.9684628792142398e-07,0.00089882374590303789,3.8833230350817238e-06,0.00064691186890467446,0.99485651046556611
19390,9.2738920849885289e-06,0.3922266176854311,0.600267568912354,0.00012678037319170793,0.00031386572542201562,0.0012026193897070126,0.00077376517127302207,0.0050704040502796968,9.1048002564969107e-06
54569,6.0764726116703821e-07,1.5334630552121408e-13,6.5681279280275576e-12,2.6753881160710177e-10,4.4587693004321627e-12,0.00056895042500267968,5.9354628534753951e-07,0.99941078865345678,1.9059449274917811e-05
12999,0.0039712394856964177,0.83472031655017387,0.079508903285736565,0.01393755339219876,0.00068742991011472613,0.0043373642093991818,0.044506210117300132,0.0017881831798100317,0.016542799869570288
47247,0.0042247124125515201,0.33643504279073094,0.096030563413810707,0.010242376662334917,7.7522190124710592e-07,0.0013477612180136725,0.55145103712888244,0.0002270991843108274,4.0631967463653607e-05
38035,0.0073744688344118898,1.3587070011655511e-05,2.3373952573891935e-07,0.00056168158875787748,1.3166455312151118e-05,0.97267599721557052,0.012475885363497859,0.0062016420340393402,0.00068333769887303627
9950,1.0461932289113587e-05,0.4609737762474917,0.53684648184676032,0.00011294510441713031,0.0004299376678828742,0.0004407862014303355,0.00091824263344675945,0.00026038720481616799,6.9811614655865259e-06
24902,1.2835808689848941e-06,0.94049116224263929,0.0559566050822944,0.0031687054495538494,0.00036038510254723916,3.3383406103429311e-07,8.2340125153682612e-06,2.7157064606448494e-06,1.0574989059248641e-05
25882,4.8368974834362301e-06,0.69720290094081594,0.24668117669067199,0.013026244437905994,4.2143114911202225e-10,0.0001720718331315618,0.042906221706572982,6.5014476180902682e-06,4.5624368865707638e-08
27679,0.00071393793072534965,0.09490044337956513,0.090309195192629685,0.79617427360634829,2.497780626536995e-05,0.008300926352409645,0.0061284333651178457,0.001433790855772762,0.0020140215111658678
383,0.26711290634578427,0.0047985501573452579,0.0024220814767445843,0.0006670838489025102,0.0036660351040506797,0.031483732605882116,0.012791902303807284,0.50804382622799871,0.16901388192948466
44571,0.085272665545951518,0.51677179753681091,0.072896713386646259,0.0076360473685361313,0.02400696328416483,0.21581853450485705,0.028600813408666746,0.023491908810797671,0.025504556153568957
7979,1.5021752254968673e-09,0.96969922788418272,0.029961097048620679,0.00033957470187616687,4.9248531170217815e-08,1.2581978333485951e-09,6.5774119271144549e-09,5.3331026915811259e-10,4.1245694041935667e-08
53428,0.011372385993767928,9.279865032637805e-05,4.8799199869092168e-05,0.00022416163990823606,0.00043321201746634482,0.011398412944519975,0.0050836616536890341,0.94427552823567318,0.027071039664779726
28285,0.00068222907847952736,0.54062830506118376,0.15398643754009386,0.28207707144160793,0.017195270440123183,0.00076512351375815943,0.0023948570205403114,0.00054671964613834778,0.001723986258074918
4355,4.8194608546238804e-05,0.5104428775059302,0.45012203298974041,0.037118887402328216,3.1307648635684338e-05,0.0001705024545788205,0.0015068878679223216,0.00014433996142540132,0.00041496956089266917
30978,0.00018687112313602351,0.0019314747321630351,0.00012582604637610754,0.0086679957347650695,0.98798016377325659,0.00042125222078325198,0.00026574318995640101,0.0001346665724965493,0.00028600660706700517
57926,0.076061190892347544,0.085656381143474333,0.069847215925742001,0.037132525246275139,0.023394577890701634,0.072159607761117586,0.16871386992619697,0.37429094222708681,0.092743688987057912
17350,6.7496447391431974e-07,0.58859470624260024,0.36130794646121245,0.049937902366800298,8.3854954004158088e-05,6.5819786524223957e-06,4.9855332033155483e-05,8.494915424984502e-06,9.9827847983972115e-06
51609,8.1730646425043653e-08,8.8090744954690032e-11,5.015445728490272e-12,7.9096358338250161e-12,3.0015857481434513e-11,1.4007908748619834e-06,3.0859734244492589e-05,0.99996765754714012,6.6062485533707965e-11
61373,0.10859067618345673,7.7856827713150998e-06,0.00094162595744682893,5.8851776274801882e-05,7.6326664239584759e-07,0.017043638903011114,5.3540337749351225e-05,0.00046884979208417583,0.87283426810056319
4181,0.00016723443819960637,0.89550432113408018,0.060474135396472492,0.037194908045126075,0.0051123151137529863,0.00022667071586076178,0.00062665566907138808,0.00022295162922996266,0.00047080785820664248
53149,0.0086987591726488608,0.86284115061533062,0.053640776596071228,0.012645223681150558,0.0034439712035927912,0.0044667467391841841,0.037938185525529924,0.0056282665212680476,0.010696919945223841
12861,1.0363718679699039e-05,0.41916106148171883,0.56839024238695335,0.00055712683988482187,0.00036125329185604955,0.0060118297255461629,0.0011770346514413791,0.0043278529251706442,3.2349787490618417e-06
7515,9.3606558666643963e-06,0.19901875210665196,0.79695217767419213,3.1075002431485065e-06,0.00023791421870704589,4.8333405439727567e-05,1.3458390502521411e-05,0.0037130523134504046,3.8437349463330166e-06
33328,7.3516862854312786e-05,0.00013026700730703791,0.00058462632852465039,6.4190211773147758e-05,3.2723093821699662e-05,0.99831547960396028,0.0006465607735200757,0.00012453232910329004,2.8103789135491218e-05
36461,1.1472536733281563e-08,4.6151032316702014e-09,1.9798454070707532e-09,2.1804700376743928e-11,2.0018408345194816e-12,0.99951728904799031,0.00048241531036456628,2.7475658075896263e-07,2.7937725752134101e-09
19024,3.8597588067176185e-08,0.18990802982932073,0.73457157049039523,0.075052732885775172,6.3311530536733869e-08,2.6586051985996081e-06,0.00046464355127138942,6.9868443808572562e-08,1.9286047650383153e-07
34693,5.0404050537134712e-07,2.2118172471502236e-05,1.7010648077678116e-05,4.4087533598553423e-06,4.1774404180525218e-07,0.99977336116040438,0.00017802942506571197,3.7351372425486523e-06,4.1491883118485203e-07
13328,1.6935412073624721e-07,0.91997427817941158,0.06324395487475272,0.016447070702907803,6.6274882732705923e-07,1.4147219282578685e-06,0.00032486921619578793,1.6336523223815513e-06,5.9465495334441432e-06
31064,1.3692547192744689e-11,0.0010459376456123785,4.0929919595594593e-05,4.5076618471392792e-05,0.9988679667992354,1.0697556956306156e-09,7.9988555806074439e-11,4.7127251265921618e-10,8.7382376047930943e-08
38505,1.5044498849587884e-11,5.3761295357043555e-10,2.3965863484414262e-11,4.0055202159204711e-09,9.9818407917264577e-17,0.99999986989521261,1.929807563325809e-08,1.0612848659324917e-07,9.6081470100877753e-11
40578,0.17493441891628533,2.3632599640418293e-05,1.5222991937553301e-07,0.0010673926918108733,2.1476232087210231e-05,0.77517363342472634,0.022282374581517189,0.019772080942555618,0.0067248383814576471
15157,0.032024063508460307,0.57372016280897431,0.14242338430088319,0.0031711468970147369,0.010142664984208061,0.066270854855880634,0.098463741034478525,0.014610359432206338,0.059173622177893868
54685,0.049172775416124637,0.067717848637244379,0.055897906292324037,0.014129944159206305,0.060963789855996271,0.061623006986818059,0.18983688323256023,0.4428981264553184,0.05775971896440775
50094,2.8084247043509704e-05,2.2952094553802292e-11,2.3239807064265278e-09,2.1391881238711688e-08,3.2219327419290917e-11,0.013377376979951349,2.0162511380391372e-07,0.98656700028390631,2.7313092951591103e-05
16360,1.0658370769243326e-05,0.91254581921937461,0.05104550284838457,0.0016062473898712057,0.033931889886146128,1.4818974654653317e-05,1.2079521143417846e-05,0.00024753375732765841,0.00058545003232856729
20851,0.0021701781930247425,0.31885857393696948,0.47570862010062764,0.16669320215897965,0.0012399288779718633,0.0067065161482440881,0.026160399630769531,0.001767706378291306,0.00069487457512175572
14345,3.568126725788725e-08,0.58091535628388402,0.39852256536821767,0.020559604641056297,6.1532193494347602e-07,5.8893298520697315e-09,1.5989665469003438e-06,8.9671289479277181e-08,1.2817647360203115e-07
15437,4.2689899358172635e-05,0.86306793041541252,0.080554043615162579,0.053706722881976393,6.5245181121580112e-05,7.7942140252858406e-05,0.0024102702301234185,1.5606820765223218e-05,5.9548815827176817e-05
28386,0.0026296712742201779,0.32250117991015337,0.27275865841369534,0.37449456126287706,9.0606294916858736e-06,0.0026139200179006129,0.024613508815082469,0.00028648985538915384,9.2949821190021589e-05
41821,0.013774369332455884,2.5763296131663167e-05,8.0666782716704086e-06,0.005731847970062558,5.3724069322951111e-06,0.96058201765460649,0.0054765363734436212,0.011432158724322536,0.0029638675637732822
49310,0.00028875040955835625,7.0126364619244121e-08,1.2312462899586823e-06,5.9990358175339246e-08,2.0599819792343694e-08,0.0051345263979178197,1.0174830989895313e-05,0.99329521326611769,0.0012699531325836755
38492,5.8807076713264311e-09,1.3584401422909762e-10,1.4962373165171038e-09,5.6715350151398535e-11,1.2731530360065802e-11,0.99999848535254743,2.307491179165305e-09,1.5006948193599956e-06,4.0629060921322397e-09
47987,0.0049131996564414793,0.091770508758471203,0.28399143723382153,1.9246847030294925e-05,4.2703884495549073e-07,0.017119250040540303,0.49986545061248039,0.069073034810618786,0.033247445001750968
47825,0.0027532299116992164,0.42177133725035848,0.17565871741467584,0.036499094985158201,0.00018403241565262212,0.013748169104259245,0.34085747363998492,0.0043789440893596916,0.0041490011888517687
58368,0.079155896233482279,0.0098077609979431157,0.0060294758428196763,0.0027275276504924429,0.017317791705298066,0.016078172610609572,0.0011979433364928491,0.0057294127080491884,0.86195601891481277
61017,0.010894956380799152,1.2514806527207867e-05,1.2696133962272998e-05,2.5180895191717701e-06,2.5723278553911228e-06,0.018682062865330928,2.5791431685566834e-05,9.2944490534794868e-05,0.97027394347378559
33434,0.0031552743437779605,3.2178341694607065e-07,2.4581762794228719e-06,1.3608628236620081e-05,1.3440338052113302e-06,0.97189502760532565,3.6884404408385158e-05,0.0201876039939561,0.0047074770307937311
25464,0.00032835584087779096,0.26237271433718001,0.71382486679125523,0.00081831549344108011,0.0074752716664113015,0.0013902149021342313,0.0035184213622944105,0.010129586759160437,0.00014225284724560773
8194,1.2424249535338713e-07,0.59787117495676667,0.3860805257156798,0.016020328169809708,6.9904764382055494e-07,9.6119229857600106e-08,2.6875309961751672e-05,5.478180125846229e-08,1.2165661179924561e-07
29453,0.0002271234540103701,0.017376709226604014,0.0042787256840733576,0.0035843359581334312,0.97338243834677407,3.5263271629316497e-05,0.00034567532590443461,0.00024390928058375981,0.00052581945228739185
1903,0.029700008246200997,0.51789348312608241,0.085197318736170147,0.014222884748655115,0.26859183695600852,0.0049978953189242737,0.0063168545386167868,0.02853634422635256,0.044543374102989239
55063,0.00013471675930416414,1.838260190657693e-08,2.9104817432344604e-07,2.0039251377901548e-08,3.7770177528712717e-09,0.004343348947710839,6.8881606946733849e-07,0.9938136857433979,0.0017072264864723054
4038,0.11163983121231474,0.34619629105808836,0.029413218097542857,0.16345033623727676,0.0065537827004954674,0.14531205816356937,0.063121149636459678,0.023008095259997904,0.11130523763425487
14437,2.0828821466691231e-05,0.99806445245221487,0.0011234547863694319,0.00056868685060078891,7.8594121665968072e-08,8.7479118931214107e-06,5.3628571164081494e-05,1.5670535480826163e-06,0.00015855495862125818
43097,4.8414766379118445e-06,1.358344578562193e-07,1.9755177166264238e-07,2.9388557426509411e-06,1.9376647417587865e-07,0.99998679792341771,3.1208018869112204e-06,1.4486895076677969e-06,3.2510010345368379e-07
26998,0.005500568554656424,7.1966553573879909e-06,8.1550807419744108e-07,0.027761644258035026,0.00012029586250885873,0.96159938116813903,0.00041185367176838132,0.00058545726106267999,0.0040127870603980055
25136,1.9949598225809677e-05,0.97102705973334558,0.017268345376022478,1.6780590484449353e-05,6.6113245867528325e-06,0.00024738168932894123,0.0056027212264623902,0.0055914925536978185,0.00021965790784565282
55553,7.1009130809212621e-05,3.7261241429948285e-08,3.8326839486313278e-07,2.5553569799459988e-07,2.9776397079338273e-08,0.025123025925321184,2.9408206586086843e-06,0.97467479771131615,0.0001275205701633475
592,0.0074316561848994829,5.470384918227004e-09,9.6684721055553554e-11,8.8344408888323607e-11,2.0981719488451186e-14,0.00023297451106307735,1.0152465933050677e-05,2.3844831644258317e-08,0.9923251873378377
29884,0.021843428800549836,0.38685938069403092,0.10414104823303799,0.033029928082040513,0.27008516311524433,0.012362049490478708,0.12027957495510724,0.013957181682117745,0.037442244947392657
125,0.0010920542875059338,0.78488413888354847,0.18228241596922024,0.017518160285538275,0.00043247579689434905,0.00049159188952302207,0.012726304930771723,0.00034496488201489001,0.00022789307498313446
1079,0.88661062404063506,1.8911176760110897e-06,8.1180244063015023e-07,1.9724021043853379e-09,2.8896146939812985e-08,0.00012940585952636948,0.0029535696526098655,0.10122568193601937,0.0090779847225435969
46777,0.0068487795688433424,0.00027814730628102736,0.0020348652874276865,2.9778328704736277e-05,2.3362008561775259e-05,0.030367104383077888,0.9501980272290802,0.0083391027803674019,0.0018808331076559661
2772,9.755293012182299e-05,0.87014816509769244,0.10845867150708258,0.019865919220497699,0.00067428222189689106,0.00012092538435989478,0.00012448583314648436,2.5500674865297312e-05,0.00048449713033679368
4932,2.3272864604022031e-05,0.9015518699539361,0.083371172240912089,0.014598267660940818,0.00020100058638414161,3.461223281598091e-05,6.428711758657511e-05,1.6897032848976161e-05,0.00013862030997124152
29354,7.140049226869259e-06,0.00072341733689232335,8.7836789151037354e-06,0.00096361549477199976,0.99827949232493407,2.4224510715365591e-06,1.6985624723423571e-06,5.4942190924954517e-06,7.9358826232319692e-06
24443,7.9083640034818318e-05,0.63389737430847393,0.34310391696557974,0.014207738803008079,0.0074511635228923442,6.2016747003894611e-05,0.00063742877092666462,0.00024308177635712572,0.00031819546572339752
29643,0.00049613299717640345,0.017728930414258381,0.00051186027755678154,0.0021638138339439726,0.97610853141259646,0.00016066472669226377,0.0001631636687393751,0.00023589306607276153,0.0024310096029634895
5678,1.3609123076779694e-05,0.66378912957497582,0.31142955890108037,0.00074387314331288471,0.0013587250821452943,0.005804479657148978,0.00074286550107296296,0.016111175530114479,6.5834870723741076e-06
56725,1.0215871357078796e-05,3.021794903225009e-09,3.6248133713913234e-07,7.0399043083614028e-07,2.934220679734961e-07,6.3764461702320738e-05,0.00023213194574103123,0.99968811580779726,4.4089977715569378e-06
7433,0.00043501532688481541,0.90571813087628317,0.072770408580979259,0.016889431561849175,0.00090153783708575087,0.0010154221610420816,0.00016414798956595271,0.00073255725005786211,0.0013733484162519476
46873,7.1056343666701189e-09,6.1347615187514308e-08,1.8276332181488635e-08,2.4976753126521077e-09,4.3273638748627961e-15,0.1301521500419909,0.86984776071890402,7.9868185311549597e-12,3.8569135818614563e-12
30784,2.3519560185059842e-10,0.0031663708722353559,1.2964329885284516e-05,0.00055578306373678648,0.99626484443170349,1.2252199099220122e-09,1.648580347559337e-09,9.3837392963448716e-10,3.3255069249207437e-08
2871,2.2287105953011046e-05,0.947222610600431,0.033021519064413828,0.017103557627951953,0.00011062635798363011,5.3022884973015979e-05,0.0021707991625790203,7.8878915274494175e-05,0.00021669828044015369
12686,0.0025715620623692446,0.41844524518246651,0.43109342723411187,0.11276861642688661,5.1871740499042135e-05,0.00049025935971324481,0.034322917901311624,0.00020575703925193817,5.0343053389977012e-05
59147,0.26703224654963381,2.205519118064085e-08,1.4011637397583464e-06,4.3974419405875958e-06,1.4779660869228637e-09,3.5181973311701147e-05,2.6981892404318811e-06,9.560224247960177e-08,0.73292395554673395
11060,7.2665811252771641e-07,0.87583575483853482,0.11894236451422521,0.0046096971093981705,0.00027284571881195909,5.2231530468873026e-05,5.8987488102312516e-07,8.2509070835330391e-06,0.00027753884848386132
16819,0.00056715391437706119,0.96363864174067315,0.026229790820553142,0.0045581229760481021,0.00016586661989040821,8.7465257968937732e-05,0.0045592531555687637,2.4873176914702523e-05,0.00016883233800563842
12905,0.021836849158394324,0.48345892695506154,0.40103680208510267,0.013868993401683483,0.0078258650419399632,0.0046419985518928487,0.02248353928612986,0.027714424424966317,0.017132601094828993
31944,6.9251965370196933e-06,1.3422951096372185e-07,9.585953942876933e-07,2.5089912425880319e-07,1.5600077333138684e-06,0.99994161748140264,4.5964452394071061e-06,4.3934702869644726e-05,2.2442188548475542e-08
42658,0.00040199113642943804,1.8298478083627133e-07,6.1461522457294632e-09,4.8910260736326685e-05,4.5754719392993095e-07,0.99888613215154864,6.0243975192233368e-05,0.00052693173486154489,7.5144063104803593e-05
29583,6.5005028428822527e-08,0.00054202689937341703,1.0177700091006849e-05,0.00020841449889094199,0.99923615782464781,1.4614676293440715e-07,9.8962256866898568e-08,3.5789952660210397e-07,2.5550634220189782e-06
47504,0.085438563967926567,0.15523983269617367,0.042233328498013312,0.0029939309906900002,0.0013786677233092563,0.051301696701962156,0.55238166889213824,0.080348243865477481,0.028684066664309282
14809,2.2062378368858024e-05,0.80003852873091597,0.15376631520475598,0.045345864388246074,0.00042803567128236797,2.8389162791992592e-05,0.00028081739845470493,3.4725547798227275e-05,5.5261517385859523e-05
43009,0.009059744511092321,9.9420407909009074e-06,3.5059655891005177e-08,0.0005156203147852204,2.2925140931858673e-05,0.97679329147393024,0.0063354779280207973,0.0065831506079600047,0.00067981292283284726
16305,1.4665664002430172e-05,0.6061672105095095,0.29294011422423744,0.10035301505553641,0.0001332859866405932,1.3081342571582799e-05,0.00031680492080958089,1.9009230057989593e-05,4.2813066634540555e-05
23810,2.8449197066106191e-07,0.28816748339317472,0.70994353971576352,0.00013595973191623685,0.00012015085069779998,0.00049595660382383987,7.4824873605014894e-05,0.0010617614298442425,3.8909203959527561e-08
58409,0.072494644881247641,0.00065979526424433206,0.00044872221399513523,0.00025326909599874441,0.0015331358861520399,0.011581413335417231,0.00053173707596867743,0.092739180275359268,0.81975810197161691
51860,6.9380362819868736e-26,2.1626662522582345e-36,2.0302208816077658e-30,1.3616521492302363e-33,4.3632257376874791e-34,9.9893283892181831e-22,5.9295495842054743e-30,1.0,6.7360647012172136e-23
28776,1.0529513964855093e-11,0.00029218437776452335,3.9610444857547137e-07,0.00012101371267949166,0.99958640531942244,1.2929582457523281e-11,1.4004683636308018e-11,2.8007363347871099e-11,4.202138717655294e-10
11237,8.3742683751994187e-10,0.82106357709028688,0.17213417585972951,0.0068019936942944007,1.8233319730298085e-07,1.5816515717066733e-09,1.840517139815501e-08,3.9227310167576559e-08,1.09709319394741e-08
32199,0.0012590136645278657,0.0010103365579761463,0.0011814581826002997,0.0023374501338765861,0.00022023086127227726,0.98070843366097105,0.01060954334819761,0.0019054494194092272,0.00076808417116907581
52848,3.7085347763771678e-12,6.8773280846760295e-12,1.3280723917333782e-11,2.8354474869637399e-13,2.4869126306810649e-16,7.2670037194500791e-08,8.4616591233371036e-10,0.99999992592318521,5.3646132703548814e-10
37765,0.0017709252319066475,8.0825466706153363e-08,4.3979425134936529e-11,0.0064155453918058021,1.9060859444354836e-09,0.9870998640898887,0.00069437976989987439,0.0017634891258126769,0.0022557136151541359
46098,1.8029846216340861e-08,0.00024178370587295243,0.073874880039513785,6.225890559179553e-14,2.132852499403885e-21,0.009246919289667541,0.60912995947635662,0.30743062443229668,7.5815026383848629e-05
26619,4.2585418718223878e-05,0.66697017973590045,0.28737142838533503,0.045197074281947726,7.4021514149930142e-06,1.4723408465515746e-05,0.00027557485526951184,1.8827645386191942e-05,0.00010220411756229875
52536,0.0025365069479672668,5.3517498188556795e-08,2.0638326197631431e-07,8.5426818620177439e-07,3.9443876568392643e-07,0.012910063815245175,0.000309420251173784,0.95535045555922438,0.028892044818677253
36784,0.23146538932001229,0.026867536664352678,0.0050430014391748138,0.00017802197829244981,0.00035023712316508364,0.08286635917455501,0.019241212513401173,0.42772377257217664,0.20626446921486991
31816,2.6951569558922694e-08,2.0074022647559952e-11,1.9274286806841673e-10,6.9077132252731796e-11,1.2366294489262017e-10,0.99997822179153839,5.8385974082890517e-07,2.115338883797042e-05,1.3602756258005975e-08
50757,3.5989051083800158e-05,4.8796874888538158e-07,7.1246498569623916e-07,1.8921753906224619e-07,5.1296870113552111e-07,1.9809498937905003e-06,3.6094921721740603e-05,0.99986092231734092,6.3110139985026687e-05
17258,0.0029739096881836987,0.75730864087595617,0.15442026375114601,0.022179899454399077,0.00027233873198484736,0.0021054986468495062,0.059657171474516671,0.00050124742541520471,0.00058102995154883652
15746,8.1673533009580932e-05,0.8437385335856129,0.12123378270557351,0.033802788995149026,9.0379618289845832e-06,9.7354129391581898e-05,0.00084731393142780341,3.6764887929374804e-05,0.00015275027007735059
53178,0.0074024308571223208,4.8869592803305994e-07,3.3437840472212143e-05,3.891525685889442e-06,7.3951560227726108e-06,0.010161097390526263,0.10047285736981709,0.88184502284303623,7.337832138925725e-05
61397,0.052085359656321474,0.0017593242538872114,7.4260595517660857e-05,0.034850552467058683,0.00076331282799174378,0.030550342996661484,0.00098630848477796623,0.41264599374769589,0.46628454497008781
54499,0.02405930818973645,0.0024927513392559606,0.0015740011234595243,2.8597911780711323e-07,5.3533410793632462e-08,0.00032983665380945885,0.012005322421735385,0.92534916203709461,0.034189278722379979
50270,0.0001408534637233326,3.9570642142267651e-07,1.2763906579395057e-06,3.0858479596509389e-07,1.5093453886620444e-07,3.2429990517244978e-05,0.00087018303624580514,0.99891722761272639,3.7174280373091158e-05
17540,0.00031549205255430532,0.57165003660446934,0.25795661263954323,0.061244210767398,1.2781070920131023e-06,0.00030714000159256166,0.10842850109417383,2.13375343823283e-05,7.5391198794334141e-05
15817,2.9183302855388354e-07,0.94084457093895735,0.057726174189231982,0.0014201546034681583,5.1574410924056758e-06,1.4030380652568961e-07,8.314443230607951e-07,1.3517431190914962e-06,1.327502972872103e-06
60536,0.013801503776624539,1.0539212367740892e-05,0.0015963703415530701,5.7556137036966771e-08,4.3626124037309448e-09,0.00030259168054107624,3.4498344278164835e-06,0.00020471222457608089,0.9840807710111602
36310,0.00069756171141546394,4.9616074237493221e-09,1.0523261975221813e-08,7.932453397053973e-07,1.3226024790640627e-07,0.76435258582459387,2.0467602139794391e-05,0.23474443978564807,0.00018400408574572674
38175,0.002562393875827614,1.5391292375760533e-05,2.1406128115802457e-07,0.0011172230774918724,2.6240699244744846e-07,0.88344805316369523,3.820412886052221e-05,0.025876272715165689,0.086941985278309777
34731,0.10074593162476526,0.0023550248343486616,6.8870183850259963e-05,0.007310188546779995,0.00092539248760122072,0.78695869521580475,0.0073153764410242329,0.020812002239811184,0.073508518426014455
56347,6.6314896698522534e-12,7.2189634182881728e-13,2.1774839029039068e-10,2.4950564015932553e-09,7.5896485430125279e-12,8.1707316050934795e-05,1.9347757270377563e-06,0.99991635470737861,4.730955069286178e-10
52015,1.8928823988235363e-05,2.7419309256354566e-08,4.525560136195214e-10,5.0543763716977361e-10,3.1367227350685259e-09,1.0090778150075883e-05,0.0013316481846244446,0.99863929330458467,7.3946268703482282e-09
47541,5.9411747759303662e-06,0.030126058757140906,0.76787872466652507,0.054250734489977623,7.4277303621890489e-07,0.0035924188311344798,0.14204393880791741,5.4691043974039805e-05,0.0020467494555183076
23276,6.4791052577428067e-06,0.38019603899014587,0.56368460890053829,0.050309506596738482,2.282406364746633e-11,5.4086086274531847e-05,0.0057482617965718069,8.8041595927279908e-07,1.3808568996310393e-07
51938,0.00020078476164809235,1.1043396270813434e-08,1.1001263905028412e-07,8.2482856219954633e-07,1.5016124455388014e-07,0.012600773510603585,0.00072860609296125124,0.9861743342863718,0.00029440530257322567
617,0.94184217620158617,1.6014821501079318e-06,6.8750959484940234e-08,2.8023038014126873e-08,1.3318768928118434e-08,0.00012314167684727761,0.0017452260801060198,0.05235836865468721,0.0039293758118567074
47316,0.038238260919548524,0.51983021603767721,0.30184738670040806,0.053005164957876209,0.0014163336435989576,0.0044430750048565747,0.07263046553211365,0.0069445862468925949,0.0016445109570282408
49934,1.0035493565789209e-06,3.4663795632924988e-09,5.0508590667169229e-09,4.2563804205868486e-09,6.1322185570959251e-10,1.4516480578960407e-06,5.7212324133224912e-07,0.99999687668703641,8.2605466897111269e-08
54505,4.6809228398463832e-24,1.5915720996271737e-25,3.0285214496571071e-23,4.6304301121353706e-28,6.8660068754044597e-22,1.57449464946345e-13,9.2799988993817708e-16,0.99999999999983791,3.6045836335826024e-15
9977,6.7489089786508825e-05,0.6452342509976412,0.33308216440631028,0.00086969073109960458,0.0026429595901836219,0.0061285479368635527,0.0012724543341483081,0.010675629991358382,2.6812922608626606e-05
42490,0.00021817395314246686,0.00040136158255842271,0.0012092034997797706,0.00010349756591075417,8.592108656976415e-06,0.99607626527929538,0.0014132528882690018,0.00055144055517492181,1.8212567212341045e-05
17632,1.6986742510353914e-07,0.59860647966648117,0.32796859002381451,0.073397716819652015,8.1336225571245423e-07,1.1840454073178261e-06,1.6396799684418033e-05,8.0220121920322285e-06,6.2740308767663501e-07
38244,1.7101269334129177e-06,1.9859008107565204e-06,3.1046502483729512e-05,1.7238893804870265e-06,4.0180295383410868e-07,0.99989871496999227,5.4215843725324614e-05,9.7286023282943739e-06,4.7236139174539333e-07
33740,7.1891754863190952e-11,2.0351350795703169e-11,7.9450468995767227e-11,3.7376163670446533e-11,1.2746909108755236e-14,0.99997605433404968,9.6513092408162603e-09,2.3935678562180865e-05,1.269963356143417e-10
53125,0.16082138373451066,0.035530127352001249,0.0096977567097279675,0.0030487476377452942,0.0087709199372719843,0.089463694497632806,0.067619352075073982,0.52413994457575164,0.10090807348028448
48914,6.9804772818924413e-16,2.0669784088973721e-13,1.0775528881667176e-15,3.7279738125613069e-10,1.2593973332730521e-12,1.2783695964629547e-05,3.2805916618477855e-10,0.99998721559632453,5.3863073447797758e-12
59172,0.0043709067878018202,2.1668144609176166e-07,0.0001171045143676121,3.6297935498153114e-08,3.8406888289369379e-09,0.00050178871580707483,3.8436336740659325e-07,0.00010869706735677324,0.99490086173122882
1023,0.54620357197008573,9.3799376417370053e-06,3.250742907691397e-06,8.7424388994566887e-07,0.00022412806003368013,0.073410564453790697,0.0030188443183439763,0.1344216892003752,0.24270769707293133
56886,0.0045254634101522745,8.9277308687593261e-05,0.0001274167407748422,0.00017223525304140309,0.00049147940750125698,0.009727672888591601,0.002079028942849467,0.87197690498132951,0.11081052106707195
31566,0.0018985975725049624,0.0075566242960189147,0.0028111659294265067,0.0022182232243228251,0.00059950188634358295,0.93989399658975958,0.02686697196719702,0.017171942473365294,0.00098297606106134542
22351,0.0014564148116730173,0.64397118429965261,0.31674177101797701,0.0014904975193353448,0.011965805186134666,0.0046438764674062863,0.015101042618296942,0.0028888950950594619,0.0017405129844645926
33292,0.00029856601920955788,3.2755657464944301e-06,2.9967033755279731e-08,5.4437218930271672e-05,1.3420652538366448e-08,0.97382731914390352,0.024120805582944022,0.00040366413350629513,0.001291888948073527
30351,5.4879794407906735e-07,0.00097943567537383917,3.8551014264126675e-05,0.00051141560846164227,0.99846438063293952,2.5219709173536296e-07,8.9009328013874562e-07,1.2940863808902972e-06,3.2318942640603188e-06
60173,2.8452337255135325e-06,2.0634625801814226e-12,7.5870198012123904e-17,7.9398453915238019e-19,7.2479341652314049e-18,6.0736143554450841e-05,2.7014052746198057e-09,1.0274611238830126e-09,0.99993641489179008
33200,0.0027606028168703518,0.0006268494266278554,0.00015906978452697799,0.0041892888429721463,3.8514472936630036e-06,0.90253304583421312,0.06149923789498199,0.0014229681131456215,0.026805085839368217
51514,0.00074596644686306427,3.6392728668694909e-09,1.0736802922866001e-08,2.1325117860321956e-05,5.1832335295452007e-09,0.37280576984471631,0.00024963918941075001,0.52781307652498677,0.098364203316853555
33311,0.00030505107040629525,1.3943263274011705e-07,1.8146441331315731e-06,3.774500195427514e-06,1.6442693474683973e-10,0.91695333608090801,0.082595679995811327,0.00012721305759563688,1.2991053890437838e-05
22463,6.639461658104123e-05,0.24055134666748887,0.51022774896165968,0.2388080894155776,0.00026993996357104432,0.0004470940478661082,0.0095022099482562489,7.7112599361326605e-05,5.0063779638046388e-05
46655,0.00049745116607677906,0.02268556196759506,0.22886387763424015,0.043784398165057047,4.7238180940503998e-07,0.093265440702214236,0.60803122903830364,0.0026606919531279353,0.00021087699157570539
26350,0.012825491931385866,0.26576745461263068,0.17045926250627352,0.49234777804693014,1.0169568904681397e-06,0.00035022847221521388,0.058049902159484093,9.8040443789164058e-05,0.00010082487040087188
52446,0.0013236626287155037,4.058803259304181e-05,0.00012913772176079637,6.7791124863303943e-05,1.0821672812956493e-05,0.00057626027082763656,0.00050754225700743209,0.99716641746328605,0.00017777882813334802
11373,3.8028137548129765e-10,0.80532854201512849,0.15596765283144209,0.038703697366499611,1.0196281816665573e-08,2.9174927379935343e-09,8.1731799436622713e-08,8.9640567726191471e-09,3.5970177764286296e-09
1650,0.8835912367090758,1.1881208717961336e-06,8.5546782873962184e-06,7.9858157618192888e-09,8.5819480169863302e-08,9.6494791885419612e-05,0.0027846094119693141,0.11270256959010923,0.00081525289250512951
46471,0.0053831479711969384,0.023433931387112812,0.014011807385004276,0.0016219022726956492,0.00011213691690598625,0.013020401347192441,0.94076069482948388,0.0011909015076390376,0.00046507638276901069
40106,0.00076241554558355849,2.2905839525258741e-07,6.04922865213627e-10,6.8025841247268831e-07,2.8351866234456832e-08,0.9909349387577554,0.0070421542700057184,0.00042407946936119748,0.00083547368369732845
11148,0.00074041618392833657,0.77558283528284644,0.12468732616135998,0.084678162820969724,0.0051867594282669332,0.00081942567049038547,0.0041906358666465209,0.0021411579876221957,0.0019732805978695512
7399,0.00017323770304331296,0.52867104145005817,0.17254032792575053,0.29545958358969765,0.00026913352538129404,0.0005421473508212453,0.0021390046655604218,8.418388039846411e-05,0.00012133990928892951
34719,0.0024145299447937826,1.2935102451665793e-08,2.9552166936629145e-11,1.9947866851273699e-05,9.3922365932733358e-09,0.99237957085050665,0.0025298369572757723,0.0025608595611322994,9.5232462548994372e-05
23069,0.025795572319308985,0.28835206058569884,0.45328878109491322,0.20484567148343166,6.5128469925975225e-05,0.0014062441766118743,0.022079145810925627,0.0040449127440946803,0.00012248331508923265
34889,0.0073638549318606932,4.2965427492160694e-08,1.4047772753091417e-11,0.00061113148119477283,3.8743320240644693e-10,0.95260679424364469,3.3527026821584869e-05,0.0011993744140876264,0.038185274535482212
18520,5.9714078784456745e-07,0.54859917575748018,0.44848964626424132,0.0028778132002918034,2.1227925161618574e-05,2.8081387793255645e-07,6.4775909226004493e-06,3.0647692971831698e-06,1.7165379395063693e-06
24014,8.5227445795073717e-06,0.74090490286050781,0.24434892432391392,0.014057080818206735,1.8954224983224208e-05,2.3134137990457922e-06,0.00062138107290452579,3.0436559930048106e-05,7.483981175149984e-06
23847,1.0943484972555337e-07,0.62349197636080311,0.3591252246061864,0.017379873012891352,5.5155046206368663e-07,1.9546254201510922e-08,1.5171827841446545e-06,4.1628928023349566e-07,3.1201648870513431e-07
15768,3.65192054272686e-05,0.75773761643733162,0.22250157183403407,0.016548338052827689,0.0019502457061808666,4.5086755634246392e-05,0.00068123427359952418,7.8147382702391325e-05,0.00042124035226221525
15155,0.0001000189760094285,0.52519941194434838,0.35489560431034317,0.084573004876558,4.5662557821551685e-06,0.00037471248869549491,0.034667824792338021,0.00015013453361146956,3.4721822313833666e-05
23316,2.9782359358426487e-05,0.76024438815980455,0.17024263127710523,0.062509918445319224,6.0839944208263508e-05,9.6940941023719143e-05,0.0046263161106183271,0.00034977524727719604,0.0018394075152850561
12195,0.00053909461813651989,0.47444970789880558,0.37142116390702679,0.14458928398380849,4.0397729835660873e-05,0.0007737453106726231,0.0051899945127343722,0.0011332360083747127,0.0018633760306053372
4728,0.00017692139329339676,0.90886783838825957,0.083570582017282666,0.0044333147469707403,0.00052401029801478732,1.3478719314330507e-05,3.4146000443655876e-05,1.2843397193394247e-05,0.0023668650392274426
33058,0.040886050233723908,0.0092985026167720503,0.00011724925247777933,0.011810768286936116,0.00021742104017771852,0.84632933043831493,0.0023769036412598847,0.013198716073781419,0.075765058416556202
55314,1.0169774272440989e-05,1.5074158010590051e-16,1.1455851477493522e-14,1.0703282977161757e-18,1.2346665000764685e-16,2.0956528475603532e-06,1.2146073062048089e-07,0.99551009998952278,0.0044775131226149432
22980,0.0006730514408801279,0.47214262211084246,0.50740992446968924,0.0011032480661294281,0.0053085135677632322,0.0051505977145327427,0.0044117140509680472,0.0037613768284379691,3.8951750756713667e-05
49560,0.00020849513274529899,9.0221296876299166e-07,2.8960225388541758e-05,1.6829105588596309e-06,1.2952541399464631e-06,2.682437979583175e-05,0.00033996417147803972,0.9977953574216909,0.0015965182912337369
55934,7.9971030942463336e-20,9.4142038565641701e-22,2.2337180631361235e-15,1.0045216306816238e-20,1.1374280866608099e-23,1.3912933620716656e-14,1.4706084902229606e-10,0.99999999985292298,1.8904070602330104e-20
42244,1.4126752062568654e-06,2.5599339438075363e-11,7.1184588313624997e-13,7.47566457730592e-05,5.0621998869138688e-14,0.99946434135818329,8.1893396282381658e-08,0.00019948215991970824,0.00025992524115954642
29879,0.014927915601817275,0.028092256695535125,0.0090789950628415734,0.010614375630010857,0.77653403750533512,0.0468811594527671,0.078567593652647205,0.027144117682999753,0.0081595487160459074
472,0.12369466287100482,0.062281855206986814,0.0051320826872269746,0.0034111308158226595,0.010254859264091042,0.17650572607822376,0.5162636640003756,0.053165336142103545,0.049290682934164734
55333,6.3193240866441103e-09,4.6554204696024079e-08,3.6273898258445639e-08,2.9413719620481811e-14,3.2445228323370062e-14,0.000172652072868312,0.0004373042076909396,0.99937946230396602,1.0492267985926436e-05
19493,0.00046976874519761566,0.61152507100195563,0.31708707740027081,0.055127736686005367,0.00037140675264278248,0.00057709533235520858,0.014048722566360054,0.00049375521991746186,0.00029936629529502505
22707,1.7052333853248316e-08,0.33211358508687988,0.59609806800796672,0.071786971738109606,8.8050547682462542e-08,2.059852626456361e-08,8.3431617309529153e-07,2.7234227834831024e-07,1.4280718454397048e-07
42787,1.380595647688426e-06,1.9890114048547271e-10,9.9860629777394977e-06,8.80621713264766e-09,6.9773849483086072e-09,0.99998471114813481,4.3091686174540971e-08,3.8549389636635912e-06,8.1800866632890253e-09
45362,3.8068581239731023e-07,3.7053045923569101e-09,1.6969607631015917e-06,2.85227410419079e-09,1.4785838196277739e-08,0.99991459169147889,4.0880245843497739e-07,8.2871529311004058e-05,2.8986759340132918e-08
36886,4.2024719919035395e-07,2.8846636601314589e-15,5.0226112066534241e-12,6.7410549490712053e-13,1.7623717892689781e-13,0.99019052695285159,1.1436632653176921e-08,0.0098069694464594185,2.0719109812071279e-06
53842,0.015046553824911737,0.0087416853007335864,0.030536249168432401,0.0088269450144561768,0.010651865260363231,0.016503639139500283,0.020038994930309268,0.72329376081137342,0.16636030654991996
58121,0.056155860088397909,0.12412576576115095,0.1040329606142481,0.033065178587563471,0.026430774184350178,0.18619997088471305,0.21003764449465892,0.20764747193826019,0.052304373446657157
41858,7.7927141648143049e-08,3.4377233828866621e-08,7.5571783455603495e-06,1.815999996928777e-07,2.0159156871601186e-08,0.99999034757761551,1.0563415985868188e-06,7.2033515421531953e-07,4.5037540988526338e-09
3632,7.020056806050823e-06,0.79907424319728093,0.17083195582849078,0.0013785328613236238,0.028303202267415055,2.2168353783960469e-05,4.2230060227574806e-05,0.00014525409530253969,0.00019539327936960685
4203,2.5095033591803079e-05,0.50017408786950668,0.49062426385884977,0.00014659676665807676,0.0020837271368792909,0.0013486786350436367,0.00066103947292728293,0.0049271790474935771,9.3321790499405165e-06
2266,0.0039771728261032537,0.63791452040106433,0.21662175037781184,0.023951267562522794,0.0004391693036619227,0.066975554712357485,0.02719388206042116,0.019882922765752171,0.0030437599903050498
11823,0.0051046911315536826,0.7668021629966959,0.13651074786864636,0.040726596357908186,0.01130814310837625,0.023393755818237345,0.0028204847049374082,0.0013854663108914345,0.011947951702753546
26076,3.4994375304094734e-06,0.76903163687729625,0.21241541595438371,0.018374812067536127,0.00011240822149133615,6.0785955060052238e-06,1.8926979655687923e-05,6.8233780868175648e-06,3.0398488513730003e-05
59075,0.0052145859246438145,0.0013642137136434813,0.00065124008500514515,0.0031550534230845835,9.451906179113431e-06,0.042373616681459191,4.4549609606775984e-05,0.00022624980427304685,0.94696103885210492
