id,Class_1,Class_2,Class_3,Class_4,Class_5,Class_6,Class_7,Class_8,Class_9
47484,0.1763128186660862,0.25025392311022182,0.080068722724917635,0.013805025326818156,0.0078598491104081465,0.074690292295706645,0.18165861835007263,0.11709908393374022,0.098251666482028488
30908,1.4095620093535612e-08,4.843027842238454e-08,3.3716073759367693e-08,4.288520806330708e-08,0.99999971480604977,3.3110740328422838e-08,3.2701222042882691e-08,3.7446499516190024e-08,4.2808308088989104e-08
49031,0.00699185266451334,0.0026711613367374899,0.0017559215064712776,0.00056377603179668225,0.00057957083681429468,0.059137994792204579,0.0071017973539182306,0.90348238624638844,0.017715539231155673
35190,0.0036662039672846446,0.00011153345983257695,6.8014541040838463e-05,8.2931733720288068e-05,6.7991584463919611e-05,0.88406642364495736,0.00094935391171982561,0.016265931702186105,0.094721615454794586
51849,0.011740230543655314,0.00074224862279522277,0.0004371243372923883,0.00018992017187230615,0.0001607461081590726,0.023187257717690299,0.0015715215136441123,0.89302879509236921,0.068942155892522186
38821,1.1079486444370806e-08,2.9084389331657099e-09,2.3675807311963662e-09,5.3358947951555416e-09,1.6311809228137819e-09,0.9999379562302787,2.2329638313965286e-05,3.0554502204744891e-05,9.1363066206789833e-06
11287,0.012502419818587421,0.61245508394345072,0.15954899621743648,0.11858111159436396,0.001495282305751776,0.013779639413361659,0.017705449061310784,0.01061873506149702,0.053313282584240437
33962,0.010759996291072273,0.048724593881236698,0.014427724178416089,0.00087171526416535779,0.00046352801266056471,0.76546115317373564,0.11341823600306378,0.039643187568404736,0.006229865627244929
61123,0.013361441327863122,0.0017809010755821511,0.0011716221356509644,0.00098735257678553875,0.0085450096853225566,0.049938596589328678,0.0033208351842570778,0.080570659930823713,0.84032358149438602
19849,0.00051136770797400623,0.51109015308783046,0.41344366509546043,0.071259706235529727,0.00080040899526334565,0.00079673476924605618,0.00098772057691467931,0.00062428524129320409,0.00048595829048809873
59924,0.01122089064244187,0.0026711127698211151,0.00046531725993461894,0.00048055013985314079,1.6235823434409162e-05,0.058938757592763472,0.0002984861151166413,0.0048888793774807234,0.92101977027915394
19390,6.5674876610130739e-05,0.34292687340161565,0.6540484383782218,0.0007781936467305961,0.00043529406539553656,0.0002421779234692782,0.0011062259030784223,0.00033212401557537958,6.4997789303236189e-05
54569,7.9550838512020276e-08,2.9685549766171507e-08,2.6749104615748226e-08,1.9145706220378829e-08,1.5450024094054949e-08,6.5561271829950719e-08,3.7622371452163267e-08,0.99997532470274986,2.4401532383679502e-05
12999,0.010971196110810114,0.61225236198875166,0.16613792828844035,0.070977764439718927,0.003070993268361659,0.014506933895642419,0.098367503492912553,0.0051851793044312569,0.018530139210931201
47247,0.00056170619081170815,0.22633740576662739,0.41094234733223922,0.061117544005506612,0.00037803954950521964,0.0015025184030470783,0.29831461966896422,0.00046142064177700728,0.00038439844152163136
38035,0.002785817873741157,0.00014027257678308724,9.8913043011176021e-05,0.00075319788942385297,2.187325396176164e-05,0.99091666300909664,0.0031845028264712487,0.0016767878467133627,0.00042197168079748982
9950,0.00010749255779372531,0.35786944977179586,0.63504868051939978,0.00080079584947860224,0.00065188536352467667,0.00089263339128514663,0.0030461882183708054,0.0015132918477149349,6.9582480636094468e-05
24902,0.00037124567642721803,0.81487660485367441,0.16060251948892176,0.020061663040359883,0.002294730701828764,0.00031793662800754435,0.00058271206989712161,0.00037165888405831416,0.00052092865682507288
25882,0.0021557671530683278,0.19425510040736318,0.68533488659309139,0.071427915584360346,0.0016416783714395457,0.0027746615555229955,0.037527660512266553,0.0032453269464605234,0.0016370028764272693
27679,0.0017974963090280638,0.36090588272847507,0.12242079473242054,0.49060777929369431,0.00077693827964109795,0.011623555808116155,0.0064483662655670012,0.0023361017336064201,0.003083084849451201
383,0.32076973166618844,0.026381678613288738,0.0062880584232879065,0.0045685577730021762,0.0031116382785965116,0.089015201533853089,0.033801430212387788,0.30591615828678698,0.21014754521260848
44571,0.099697675386290513,0.46408476924928588,0.069778883828336483,0.0035704990537875347,0.0025677192995240488,0.15562728787904734,0.096205958238878592,0.049127618566947751,0.059339588497901663
7979,8.5412846643499626e-05,0.7866338524501213,0.18395399960544212,0.026843802492047413,0.00040531259234795108,0.00087088906247230794,0.00036004501102089061,0.00045388371363308235,0.00039280222627133488
53428,0.024536731374687742,0.0063849300385782877,0.0033914897718849428,0.00086569553870808897,0.0014146579275795984,0.014872189602490036,0.0072921349574785925,0.92115502502391666,0.020087145764676025
28285,0.0012720274674132934,0.60652447065438742,0.25124701511250441,0.11554135397781948,0.015143220157074228,0.002266621711904723,0.0054218094722004425,0.00098378412211406704,0.0015996973245817974
4355,0.0012478336795718654,0.5063962183665226,0.1806029469257561,0.29103501031680828,0.0018477671867336287,0.0029362715091218218,0.012541358956661315,0.0016584727792088591,0.0017341202796156523
30978,0.0098256569545635952,0.089984994515907607,0.022627712566937935,0.026737501426133313,0.8215169764698762,0.011769657614111811,0.0093091822740898784,0.0046344119747212609,0.0035939062036580119
57926,0.16330779549120897,0.18091670417271202,0.07513804919115992,0.067262472423476813,0.013903042302351511,0.095199183308265198,0.15826446134821298,0.19210501485281786,0.053903276909794774
17350,0.00013568908639523619,0.72665223910640853,0.22677904631673157,0.044933985756168061,0.00092166514792506055,0.0001347207013235168,0.0002121101751907698,0.00010114239616381784,0.00012940131369357702
51609,0.0034657648101374039,0.00059924777772575653,0.00042542486401588492,0.00012137966829362368,0.00010244346436622739,0.023524445506554983,0.0059429742670896301,0.96083925295548367,0.004979066686332986
61373,0.032766082828221382,9.3675867338348265e-05,7.9661013494999736e-05,2.8983247213387731e-05,2.4297904131587664e-05,0.0024947915182078383,7.9654988941546363e-05,0.00098024789158933259,0.96345260474086158
4181,0.0063912888754381536,0.71174685764593359,0.14852241236402836,0.086717822192404551,0.015224333296968642,0.0089170171136059712,0.010475886424697779,0.0064391864863489147,0.0055651956005736622
53149,0.016878364722708619,0.66534836472005388,0.15723834061728337,0.054604845396837694,0.0044225711389565617,0.018709680998566479,0.060818785902688188,0.010313061023278834,0.011665985479626065
12861,0.00023217885282983083,0.46364205062115615,0.52306988948507449,0.0016223004860559307,0.0011931797386400696,0.001026282169794724,0.0063317656036550119,0.0027839421103764347,9.8410932417657517e-05
7515,0.0002300362012297347,0.32761716827651344,0.66410547327771041,0.00047276978839245229,0.0014460804042299403,0.00091140903303605736,0.000570420320328273,0.0043574289407030719,0.00028921375785669886
33328,0.0020430677092341696,0.0034373039420239481,0.0020835416328179191,0.0031861749060143642,0.00034392267174445355,0.97799471225449863,0.0061738760103737409,0.0031943122699491259,0.0015430886033435535
36461,5.4890505055008407e-08,3.1891280507856815e-08,3.1617059087123817e-08,2.0882330699508651e-08,1.5417159851946396e-08,0.9996340255772439,0.0002149925254450085,9.6263608560521064e-05,5.4563590415238813e-05
19024,0.0010920865077593124,0.4892504064209614,0.34616354234834668,0.1556708544393158,0.00085033817516105457,0.0016097743119816356,0.0026816592978129972,0.001313301606995174,0.0013680368916661057
34693,4.6182656106619284e-07,5.8208452638727912e-07,4.903472989288839e-07,3.4624957534931831e-07,1.5447301482101851e-07,0.99917824362585006,0.00048590940732855893,0.00021434794733252312,0.00011946403851226943
13328,0.00023164413591703257,0.85682416120584948,0.10999772663980339,0.031485139423903796,0.00023861647533054454,0.00026343933224613574,0.00046379002703020252,0.00022094456060300636,0.00027453819931648834
31064,0.00028627108356564946,0.020607594359757189,0.0052223145911183258,0.0014040734275838158,0.96335548090624201,0.003545582125864664,0.00052297772309842748,0.0034049459384339871,0.0016507598443356757
38505,0.00048428007764105631,0.0003056697664100569,0.00016242674911339045,0.00028811280366512065,0.00011956360440101979,0.9920310675438101,0.0011194204084985936,0.0033360794502946744,0.0021533795961657764
40578,0.040925308142845569,0.001397399591031195,0.00071492886060990407,0.0040961697447144422,0.00023943820793551133,0.91966867203144642,0.017725307647496566,0.0075798811450655959,0.0076528946288548427
15157,0.028882078208544722,0.53822889428087917,0.12158520404501516,0.01273951010053034,0.0046114061707312679,0.10421773295234776,0.10705841378612367,0.027161716670408974,0.055515043785418938
54685,0.11608204005435338,0.25672120071692284,0.10702942063441395,0.072077540045607569,0.031689811239247599,0.092564174922856526,0.10442577904697184,0.18368049758895716,0.035729535750669096
50094,0.00081836685959302334,4.9176374180648896e-06,3.8950108744255674e-06,2.5265565574421613e-06,1.8572771576825237e-06,0.0075567413343001948,3.6171335335021906e-05,0.9893773131695841,0.0021982108191800887
16360,0.00010767898522267022,0.73360136593069936,0.22215036567039151,0.018377775029633042,0.024093668233991308,0.0004782853032768418,0.00033656041756906382,0.00036063666056832542,0.00049366376864775567
20851,0.0059193301356927006,0.45418777901742663,0.257973062247703,0.20426790260800212,0.0048139343187001294,0.027477898190789891,0.036099835846020292,0.0062710460849287998,0.0029892115507364654
14345,0.00023768627384025887,0.63914755038015336,0.17934073617557203,0.17957230973903213,0.00054749342632564744,0.00026856689779562959,0.0004109303302971818,0.00024350443019899236,0.00023122234678457605
15437,0.00022461668612012758,0.80519864506948924,0.14763218369873038,0.043008608498569662,0.00072446346573675933,0.00056875584950620388,0.0021724797079512373,0.00021243851158005562,0.00025780851231604603
28386,0.0011499429491300414,0.19489805635537774,0.38237813248499836,0.36838797224074632,0.00084056305505489793,0.0043734433375380811,0.046372024902461818,0.00084918024359236638,0.00075068443110028952
41821,0.069572408259396187,0.0058679288033519315,0.0038796165485172947,0.032672964793255425,0.00060001288222700437,0.77999647458619437,0.043490093848938975,0.044426599674849292,0.019493900603269519
49310,5.9274307006940956e-05,1.2962837709304682e-06,1.9843261057184973e-06,3.4590521676891879e-07,5.1423703926031407e-07,0.00077195626959604836,2.5161096122450879e-05,0.99871912130725582,0.0004203462678862125
38492,2.8001922592828921e-09,1.9739755458142871e-09,1.9095842584300363e-09,1.3273723298269122e-09,8.7328841946464197e-10,0.99993263510535924,3.4834205336570962e-06,3.3164481114976414e-05,3.0708108579307693e-05
47987,0.040382976243326381,0.027358129163670652,0.063767351132329744,0.0050744245998895973,0.0047680693228929656,0.06257013552655627,0.45603376720186534,0.30370662391786868,0.03633852289160034
47825,0.011250815186381198,0.35581242257075107,0.19308978471890278,0.13255847029039672,0.0037123791146212756,0.037230058698715658,0.25038213175421425,0.0099907285532627819,0.0059732091127545585
58368,0.14619293107489625,0.048867966233487971,0.016074450117581424,0.0053364682030831176,0.054171328649786486,0.025579027153418747,0.0060269875109540015,0.015780058718356235,0.68197078233843589
61017,0.055170421292032562,0.00019926749284167929,7.889657038820837e-05,5.3645965828100004e-05,4.865630789718426e-05,0.0085464951295919529,0.00018097272835051578,0.0013861879769749722,0.93433545653609484
33434,0.01083892357598173,0.00027213905033572882,0.00041974839368089155,0.00015136440109568566,6.167887817407121e-05,0.94011441597605649,0.0038318689072221464,0.038779014255154905,0.0055308465622983059
25464,0.00062218246050320587,0.41322445088839083,0.5445151900395373,0.0015562184902985538,0.0036682136236618119,0.0029457239079915703,0.011005839818153708,0.022219649325748669,0.00024253144571465972
8194,3.4086174282521945e-05,0.72677953751851387,0.25677345931941536,0.01629787866513667,6.3081760179271095e-05,1.3914112845249307e-05,2.3531786181204697e-05,8.1408614013667419e-06,6.3698020443273907e-06
29453,0.0030374765597466513,0.1547852906418796,0.045014790507408177,0.0092966236346123735,0.77792884948469232,0.0017574702213323543,0.0040494119012064594,0.0027981983127156871,0.001331888736406224
1903,0.020938934843652973,0.65628160430251248,0.13210432914305414,0.005842145828462415,0.09023881828423562,0.0076075872146245263,0.0078937483184303055,0.014329766151077934,0.064763065913949716
55063,0.0013692430990280844,7.5650500701996517e-06,6.1448080495312369e-06,2.4133455673440924e-06,2.4135536590891483e-06,0.0049813343412697369,5.3657395097675813e-05,0.98911476111760954,0.0044624672896485858
4038,0.15741578337053674,0.13248775327287751,0.026567101925645185,0.021716432230145577,0.0013202503806872743,0.32951992169299388,0.039113762703967159,0.025629158056390846,0.26622983636675557
14437,0.00057533117832476966,0.79427273946055288,0.1122217189105625,0.086685381665553743,0.00063978894390110048,0.0018300963686942906,0.0018461013388652127,0.00072678172780223137,0.0012020604057430228
43097,1.4863405734945541e-07,1.179156060387328e-07,8.1542009012299113e-08,6.540990720301893e-08,3.0624082570694122e-08,0.99969376664509524,8.3448737888193816e-05,8.8156726583670346e-05,0.00013418376477083906
26998,0.024943571987684661,0.023279189353518057,0.01208203917323593,0.041770569888577087,0.12381456070321922,0.71857494590124671,0.019206728478861297,0.012299873503635237,0.024028521010021758
25136,0.00049762625859457212,0.44668361103407161,0.44524512910768421,0.00076025845974292492,0.00058397669689567988,0.0057177256004842881,0.021152925636308752,0.077910220191632101,0.0014485270145857148
55553,0.00049918711308304304,7.8878912754775658e-06,5.1324159029228039e-06,2.1550327193753333e-06,2.4745947208301032e-06,0.002982541275008346,4.5796900311345745e-05,0.99536980217875481,0.0010850225982239833
592,0.033228892954251535,0.00078646038608463746,0.00043873212739116164,0.00028674239807618013,0.0001821634804536107,0.027166228430851425,0.002183516788583357,0.014596180083884924,0.92113108335042304
29884,0.051704272916317587,0.45846180221239463,0.14275209340952294,0.063767288458287705,0.084706340041664399,0.039367423335264967,0.10031918079872103,0.024549661079885321,0.034371937747941408
125,0.00018871936868248575,0.63078598940252362,0.32785870752814722,0.034076676076148241,0.00077422337059099928,0.00042318944615039796,0.0055849146759415456,0.00021691226324875709,9.0667868566761921e-05
1079,0.7932957951230083,0.0015810609661287554,0.0015594294105341876,0.0010366736920471599,0.00097691566984238021,0.013050479296240808,0.013886274121239731,0.13711464827460587,0.037498723446352987
46777,0.021454627590395736,0.0069079471541497357,0.007593281427815647,0.0012621988491513811,0.0013521551048111227,0.056931571414684433,0.86696104404140228,0.030490508062171306,0.0070466663554183337
2772,0.0011464718329943443,0.72121697919840355,0.22326621147131903,0.041714789811006021,0.0045569528803971887,0.0032691007717407061,0.0020004471030241819,0.0013552558601984792,0.0014737910709166568
4932,3.1962931936268637e-05,0.82418363544939577,0.1618728564121989,0.013217574502745693,0.00025421780029024661,0.00028703325006505993,8.3101562048577888e-05,3.2358677915228311e-05,3.7259413403969982e-05
29354,0.00092648752541756735,0.03598941689677753,0.0073341569376872851,0.0074358616461492931,0.94559725044585718,0.00070033612396641989,0.00096665248758942199,0.00057713720653114985,0.0004727007300240076
24443,0.0018045158936486933,0.65371283574335159,0.23076083190745558,0.092923678800866494,0.0075066687114218097,0.002701537372952565,0.0071810762236252735,0.002068975904568394,0.0013398794421098964
29643,0.020838370195309243,0.27278315657423285,0.055739574603956454,0.017682556077092966,0.58348687210318229,0.011367894984648623,0.0082592438639081389,0.0098773679214523638,0.019964963676217074
5678,0.00017908208800626195,0.39656520037871085,0.59747292076424674,0.0013134003956943477,0.001071086646070613,0.00068729495242739885,0.001355675573135982,0.0012601635930325988,9.5175608675251148e-05
56725,6.0166479278393299e-05,3.1538398695723616e-06,3.3571928206705528e-06,1.3340480634814396e-06,3.9999277348601819e-06,0.0020289335530300845,0.00048719404269630692,0.99726322289259095,0.00014863802391576938
7433,0.0028597843535148925,0.81126945478288648,0.14014827235984609,0.012037505222724376,0.0015203940584438197,0.017721676780453388,0.0028305335725504074,0.0037187537814835619,0.0078936250880969998
46873,0.00094346101485745959,0.0034997727337353597,0.0028893240120915534,0.00045316167949327528,0.00022936537696942896,0.068362942787739328,0.91654596070644834,0.0062627310187857088,0.00081328066987955687
30784,1.8837047617584977e-08,7.1868273280957258e-08,5.8419707189842575e-08,4.1586177006891757e-08,0.99999963683937265,3.7374015262511613e-08,3.945063807552477e-08,4.4704457896198112e-08,5.0920311064687528e-08
2871,0.00035361056156114055,0.85267927655539144,0.10881842829149645,0.033862602087135006,0.00088605404246767602,0.00056735532981785886,0.0020524957935254252,0.00037387420578355893,0.00040630313282133488
12686,0.000953883637214523,0.39686341668806902,0.3483737077161001,0.23495757810997484,0.0012777420720650422,0.0018348082041054487,0.014266249107468189,0.00092651399853949914,0.00054610046646328
59147,0.056549208046910757,0.00071490621083319592,0.00042518959138435758,0.00037712748651525408,0.00017869001148423968,0.022217647428363064,0.0010354290909909106,0.0062141575859372454,0.91228764454758082
11060,3.1087886571582e-05,0.79696434489314849,0.17771719715123221,0.023726218343983869,0.0010901940316666923,0.00017633023956824321,8.9110503920175911e-05,5.4592978345182688e-05,0.00015092397156379019
16819,0.00031528249021852399,0.87534697578837017,0.11167062867110042,0.0035199639394862996,0.00099407439461785419,0.00034659026365698072,0.0071549300305869526,0.00012775439612387388,0.00052380002583898942
12905,0.050031185921911747,0.48308418176472784,0.18048942089111419,0.10334288907540254,0.0069186454834689361,0.028902570976928846,0.083041092873672687,0.035273078868030612,0.02891693414474257
31944,7.7267340474505053e-08,5.1648126258870885e-08,5.8420847911249617e-08,2.9815253393886153e-08,2.6823128035455074e-08,0.99959944323514494,5.7630930811535097e-05,0.00032475491429983627,1.7926945047697424e-05
42658,0.0011722640235915232,9.8645452181237554e-06,7.1818662158852237e-06,4.047831772243838e-05,5.1491786041968899e-06,0.99606084753466317,0.00043442406260765212,0.0018359656125022956,0.00043382485887487272
29583,1.6929200577279595e-06,0.0022294034661475767,0.00035853265787655049,0.00020394606004426306,0.9971477600911276,1.2909529703639416e-05,1.4751891711599786e-05,1.6823985918923529e-05,1.4179397412222294e-05
47504,0.076615332255940749,0.47173121741172874,0.13910845343082412,0.10672544490305796,0.010243600955846118,0.048337164143505008,0.081075815545538679,0.045810083764463105,0.020352887589095436
14809,0.002498621753509218,0.70304808151510789,0.15840682130804171,0.11542780201160417,0.0029702173756469713,0.0054740129410015201,0.0068774963802834179,0.0033399166532180904,0.0019570300615872438
43009,0.0016311476591966683,0.00016086579594671565,6.7576150043810281e-05,0.00051415347746810037,0.00012324921274726474,0.99410996059242962,0.0019859357034247948,0.0010675802370121027,0.00033953117173083508
16305,0.0010856330999179154,0.54383997483817659,0.15622268130369846,0.28610039579002983,0.0027404511982898738,0.0021596421537943716,0.0055683991647875065,0.001265807432592154,0.0010170150187134898
23810,0.00016483260200197614,0.35670010908455441,0.63911573054653126,0.0014872949015472157,0.000911805489928022,0.00042083311459843546,0.00045244820900629642,0.00066406568102479985,8.2880370807804593e-05
58409,0.29739688783396667,0.01589898474110173,0.0042802314001107091,0.0033240421141513972,0.0025371693574709623,0.074498459595364899,0.013613572625379865,0.17048650489271264,0.41796414743974136
51860,0.0082419100885303461,0.0034118252871280959,0.0022515520208387348,0.00075960084527023004,0.00064069713663160715,0.086361346554935353,0.01019908588512532,0.86115913049549164,0.02697485168604884
28776,6.0346370604794053e-08,2.3146850075583797e-07,1.9375597558729439e-07,1.5954129068016323e-07,0.99999895181873821,1.0384288765920767e-07,8.3487004158704262e-08,1.1381690603910642e-07,1.0192232618767833e-07
11237,3.6465649827083769e-05,0.75066477917037322,0.19320131423466105,0.055292466769419256,0.00026325249858092395,0.00016203842179455592,0.00019989343643565731,0.00011148268211182086,6.830713679659923e-05
32199,0.018511371856077562,0.018833986775400297,0.010644063416117108,0.01315802317051384,0.0020238967496179739,0.87063393124337007,0.039688211387101699,0.018259599692664073,0.0082469157091374229
52848,0.0029001182311315988,0.0014488437097929588,0.00098938943081301398,0.00027890570925282024,0.00032787030479467633,0.038308719701553022,0.00606012131205662,0.94124437442765119,0.0084416571729540955
37765,5.460145589986067e-09,1.2237130244311359e-09,9.990066887040646e-10,4.0402282596106601e-09,7.2294080945956483e-10,0.99998112514838466,1.1291770330639559e-05,2.2778582549760312e-06,5.2927769953259375e-06
46098,0.0069172976309955416,0.0034480819684483029,0.0023723227449311633,0.00074710058463948125,0.00061337960174728855,0.082416734983051881,0.014760297984577037,0.86126048851430992,0.027464295987299579
26619,0.00014798796517999729,0.5896743827473484,0.24785790227127241,0.16068887085659439,0.00040136255564875172,0.00017935707931355057,0.00079774537151653508,0.00011561141361941952,0.00013677973950624971
52536,0.004564288611915661,1.820650495590587e-05,1.4977878207416735e-05,7.0770963503904145e-06,1.4826296290361574e-05,0.0030890052442331247,0.00031488504178959456,0.98869196153009709,0.0032847717961604107
36784,0.20539721030346492,0.012334801479632068,0.014742596365069787,0.0015375008403231154,0.0092349682818741105,0.10662562608327147,0.05748052311992511,0.50673398517483348,0.08591278835160622
31816,3.3635141303285214e-08,2.3327156278923054e-08,2.1065749845835187e-08,1.548905675947431e-08,1.0346412639280623e-08,0.99972360999056242,1.8859772496726733e-05,0.00023373118185252587,2.3695191571501558e-05
50757,5.9066547017281528e-05,1.7350919697438323e-06,1.8609125781320159e-06,2.7908583586087339e-07,1.487432504554682e-06,0.00064774307944246714,0.00017646527107874419,0.99903587956013529,7.5483019438073976e-05
17258,0.0032771344967096388,0.61542739818896253,0.22144693836477258,0.048038825872740686,0.0015110775501223535,0.005856984809201533,0.10016308314015396,0.0017678714913411857,0.0025106860859956731
15746,0.0003785803216619042,0.83879389709565866,0.11730559189098189,0.040311050336996904,0.00042515697004034991,0.0007100793894636502,0.0012191129768249016,0.00029582954502961812,0.00056070147334218601
53178,0.0031192903482749395,0.0002489399760537452,0.00036334900868446667,1.2029205542028064e-05,3.0178623667872054e-05,0.011767348490984991,0.016680420604832994,0.96098380988954579,0.0067946338524129948
61397,0.11882124429406543,0.074254310179969613,0.017913193003646279,0.050710467014885359,0.0052243426956267939,0.15279706347179117,0.024164136076883613,0.36186253242400823,0.19425271083912357
54499,0.013635487986946276,0.0021676324483681313,0.0044205971007453297,0.00017420514990812758,8.7134093024219454e-05,0.010994885338626841,0.036302031503331292,0.92807712011956389,0.0041409062594860852
50270,0.00083993997544698257,0.00013576600773318662,0.00017868953690617246,3.8400572879738437e-05,1.638787146724356e-05,0.0047519651009707833,0.0021929140334174323,0.99139364876175318,0.00045228813942552903
17540,6.8386912954383782e-05,0.57257829544327143,0.37973530125347832,0.044935318685712801,0.00012717965159748603,0.00047938893871093626,0.0019872551918931024,3.2836641953812918e-05,5.603728042763581e-05
15817,8.5247457484331009e-05,0.80173230982002897,0.17651411640313977,0.019936429587445698,0.00048691121420172317,0.00048950960947552794,0.00019520242436383878,0.00031328785691144066,0.00024698562694860351
60536,0.0062031044942256345,5.5482456657804617e-05,3.8069930516178735e-05,1.4889183599697658e-05,1.2508079490403679e-05,0.0045696355137828772,5.4125064890438151e-05,0.0012451099304352142,0.98780707534640189
36310,0.00022774295065634999,0.00011638564826287496,0.00010548169274359948,9.0397046622178864e-05,6.2256978799570917e-05,0.97995724740080192,0.000164601129649655,0.01897337920985348,0.00030250794261031915
38175,0.00051203696377842577,9.4434245032580873e-06,2.1703816288344878e-06,0.00063823765159525762,1.7881106083621064e-06,0.99603232976881906,9.7478964246280482e-05,0.00029466694330933317,0.002411847791511209
34731,0.12218807384034985,0.0021893325822056947,0.00051993485839372979,0.00071526745908450805,0.00041441776145236637,0.73319578789913331,0.005131740832957905,0.010342584409362482,0.12530286035705995
56347,6.1028516587475893e-05,2.043038982529838e-05,1.8277104986887285e-05,6.422834319018712e-06,1.3536287104992953e-05,0.0045840351600463236,0.00077874557654136289,0.99416030118892851,0.00035722294166011314
52015,0.0037269190225887876,0.00054354739557995596,0.00038150359527000782,0.00011813028610631313,9.1730923699528816e-05,0.02022767652551808,0.005563179106647562,0.96475561783234831,0.0045916953122412283
47541,0.00028808829455153836,0.0044894233818878922,0.016117182508655174,0.0055572647217457761,0.00040941272721569581,0.0061764121311919228,0.96441278077410098,0.001418742326525627,0.001130693134125522
23276,0.0029314483669241574,0.15316464404498722,0.70495022445735467,0.094581974301267274,0.001967187466753108,0.0045427592113870575,0.029896652676038256,0.0056311244785932383,0.0023339849966949456
51938,0.00063724030303092714,1.6521845587882443e-05,1.2337934520814405e-05,3.7866352892423762e-06,4.0032153391803315e-06,0.0021320778272927885,0.00024782814306457653,0.99632150051619073,0.00062470357968417501
617,0.57259701611646752,0.001047763113578502,0.00097194119727363431,0.00060430701553589765,0.00050606920117902228,0.026567246330553677,0.020117973235596092,0.3658803661088606,0.01170731768095506
47316,0.024068680774791764,0.43276980485803818,0.28822234531287505,0.12235243393551469,0.0036916716367842192,0.017871457409520945,0.094926266357758027,0.012875694742228773,0.0032216449724883421
49934,1.8396427483716543e-08,7.6125296273431523e-09,7.2726941553266454e-09,5.0934883112895238e-09,3.826139406560168e-09,1.4583080124572523e-08,2.6649599270570542e-08,0.99999090290887438,9.0136571672435558e-06
54505,0.0079550735200600419,0.0032825395850499344,0.0021615125725080561,0.00072825381104830588,0.00063234186187883753,0.082510777431848203,0.0098003845040985811,0.86649249304781673,0.026436623665691251
9977,0.00024822057460648642,0.42590481154022175,0.56304292055796101,0.0013973804103348884,0.001386060870275553,0.0019195998726567072,0.003659600817161985,0.002288113802338624,0.00015329155444269795
42490,0.0012169013620188817,0.0011122307705964994,0.00072014321613598478,0.00092652487418557535,0.00013644017818249273,0.98524250522491386,0.0054913093307531044,0.0040080610610669738,0.0011458839821464279
17632,0.00012649083304106887,0.78752526119480326,0.13908679409876934,0.071722644029216603,0.00036314996263603539,0.0003257192487938735,0.00043075294235712149,0.00029407075747044743,0.00012511693291236695
38244,8.6748393136545216e-07,1.0591250759291623e-06,9.164302089388704e-07,5.8696605627659465e-07,2.7157544749237835e-07,0.99892477280609693,0.0005803046501902246,0.00033327726792506455,0.00015794369506778489
33740,0.00042597831148426561,0.00019761485791741222,0.00011814668358511704,0.00019006350990161358,5.7692781431526762e-05,0.99210049180218518,0.0011498327220878183,0.0038698538963660911,0.0018903254350408905
53125,0.32066347433931253,0.086628945814148747,0.022769716546461115,0.020058764670010693,0.0055540152219626859,0.10808132212428766,0.08563945834366446,0.23323934963156026,0.11736495330859197
48914,0.0035243156380959572,0.0016401409535338547,0.0010451924196568933,0.00034500876540690984,0.0002898600841516285,0.046054221704696932,0.0057100438122693513,0.92900469699622612,0.012386519625962435
59172,0.0085310444925167338,2.6972531354028657e-05,2.4895841144923673e-05,1.4047271224701216e-05,1.1190743051024682e-05,0.0031819977211014813,6.7665642596812116e-05,0.0034816198737299209,0.98466056588328055
1023,0.62123956926678414,0.0032325385764909978,0.0018923114445887313,0.0014229363482827716,0.001332974472079533,0.068970736503792957,0.0082885899810386989,0.064833909336624751,0.2287864340703176
56886,0.057676508326504741,0.058069891204420486,0.027030401261226213,0.020345379579600892,0.0085964745451601789,0.076415395246479959,0.035562506337288226,0.50959398312029913,0.20670946037902024
31566,0.016053195647321508,0.033009462237993094,0.01666861863838703,0.016405392324917029,0.0021683564644390712,0.81853232854846125,0.052958076750482447,0.035689925189431121,0.0085146441985673761
22351,0.001031778445290115,0.80005071858161603,0.17806084693905613,0.0087972644007510876,0.0026235958624648854,0.0018862681507120038,0.003073769043344611,0.0021408713253992214,0.0023348872513660125
33292,6.23232150255258e-07,1.3809183307218083e-07,1.1468413377227696e-07,1.1281961354997477e-07,6.835562877943422e-08,0.9995411737778086,0.00018285415750742906,6.0521072758268505e-05,0.00021439380856622453
30351,1.4468086294321186e-06,0.0017763611847370104,0.00031075393280342634,0.00019878794985047509,0.99761709109711916,2.1040431257667057e-05,4.2542182403015455e-05,2.2086190818598256e-05,9.8902223811523096e-06
60173,0.0081744369544234502,0.00092330481871263773,0.00039872989007135962,0.00019894866336012243,0.00030125283208223217,0.046315888406555615,0.0014787679368676078,0.016429349969485849,0.92577932052844103
33200,0.012584080794034698,0.00024510150027558204,0.00012357200977518775,5.2542166002319027e-05,2.4037407919636329e-05,0.95919599258507071,0.011237972285150215,0.0011746937177499019,0.015362007534021631
51514,0.0057095355894631571,0.00085271014431017222,0.00075114733720033089,0.0013458840110161289,0.00060124931575009457,0.50628216538647419,0.0012630050191066969,0.41104114588872837,0.072153157307950966
33311,0.0085084623823899405,0.00092017643458667815,0.0016846356629357671,0.00011403376698499583,0.00017246060929397198,0.38153053084589039,0.59014770208137535,0.0160309965971689,0.00089100161937393624
22463,0.01001423497882468,0.50073474085467484,0.22428572853906317,0.19167169722805291,0.0065755798525852496,0.016886815188629709,0.034497851751215752,0.010127178866137001,0.0052061727408165368
46655,0.00048748323265232268,0.0042616944139815954,0.013389321089971202,0.0038480577473716058,0.00020359784906318729,0.0099217866752401764,0.96587735804557673,0.0012107028102967988,0.00079999813584653509
26350,0.00087187393747615335,0.22683253582347812,0.43808276732539814,0.28443881120101067,0.00058997162278421429,0.0016207064733598678,0.046315079911816083,0.00060223516327531537,0.00064601854140116744
52446,0.011078855858267964,0.0047788403708344503,0.0027349284412027108,0.0021012098356219403,0.00043097620543959244,0.026484850056895839,0.011394438717404577,0.93579948079191944,0.0051964197224133382
11373,4.3756479096404143e-05,0.72433150054096496,0.16910792895312982,0.10581494395601632,0.00020859214607323878,0.00016408796443101933,0.0002049097021799741,7.5180218160544217e-05,4.9100039947739616e-05
1650,0.58354227177412687,0.0013680439348668276,0.0021917219350952857,0.00061948169615902795,0.00047450873726916825,0.020144855307736426,0.0091330845750620844,0.36847788208343224,0.01404814995625206
46471,0.010552968200721375,0.083982696010532529,0.09400842891121583,0.021342246335963731,0.02132277704851715,0.016908736870988303,0.74035820308724676,0.009565691535891898,0.0019582519989227751
40106,0.001038504900944984,1.3259555014002816e-05,4.9146482136812743e-06,6.9145747485706428e-06,1.2176450825394036e-06,0.99536436748985513,0.00037105883069324142,0.0010386712460256713,0.0021610911094219402
11148,0.0036789458339014872,0.68355913960035475,0.19746600808253725,0.076014527443481889,0.0052589307388752589,0.0061861196781088671,0.017507478483961676,0.0065569566275534919,0.0037718935112252216
7399,0.0001122550791838594,0.64838448953366223,0.28961613270769648,0.060817660475265233,0.00054631369662326232,0.00010928887385225813,0.00032242476865378106,3.4996868003535234e-05,5.6437997059248914e-05
34719,1.8956371339525914e-08,4.4438573062126094e-09,3.7207575180510012e-09,6.4859127003238491e-09,2.4961862352092135e-09,0.99989244388016951,8.9445649362271726e-05,1.4891266666046477e-05,3.1831007172607362e-06
23069,0.0020760394318636668,0.24095464540227465,0.56511041149601082,0.15761501602733677,0.0013597155248550609,0.0041266417814037268,0.025030574517815592,0.0027132706298944815,0.0010136851885449961
34889,6.9654151409137169e-09,1.6748500024606438e-09,1.3559977956630914e-09,2.5386081786558418e-09,9.9013424798451021e-10,0.99993253095453571,5.096487852707003e-07,6.7161922692663702e-07,6.627425244686316e-05
18520,7.066939262002087e-05,0.65406223226538407,0.3359029210980865,0.0091313236957713435,0.00057823387531254905,7.6553276986766243e-05,0.00010306492599126097,3.666333563779414e-05,3.8338134209407623e-05
24014,0.00035058607325416793,0.691123311872061,0.27773170928939661,0.02727160018326482,0.0011415472301697469,0.0002210939315278313,0.0014264314905868267,0.00046389977952592931,0.00026982015021326483
23847,0.0001348132935512899,0.68130446666333833,0.17796912389796801,0.13917108916606674,0.00034857651798147674,0.00027857817340582499,0.00032226853361713546,0.00021018565403722975,0.00026089810003383887
15768,0.0012783154945533483,0.72683528834096778,0.16495653465178789,0.082158306093821881,0.011722775450812066,0.0018968400996581532,0.0071281565607960087,0.0014910206718770683,0.0025327626357257616
15155,0.00044556388355353389,0.39689869658947596,0.35520958354696663,0.2126389206606546,0.00051785666898768428,0.0012073207155855986,0.032251996140562608,0.00041716090884132709,0.00041290088537221517
23316,6.8681152122484275e-05,0.82115706107525632,0.15809420278978759,0.019827308630794016,0.00018770027586605741,0.00012372679290903178,0.00033530508717787667,6.9831791762890266e-05,0.00013618240432372673
12195,0.0012056346844291201,0.46729149718423796,0.19493133082276809,0.31719057686276131,0.0012312605379517748,0.0027845356757295217,0.011832285251308349,0.0013522631449700521,0.0021806158358436576
4728,9.2433510565640263e-05,0.83196706175829482,0.15795166199767477,0.0080264998278545222,0.00060545573449642285,0.00036716162095546637,0.00044162615243694894,0.00012794070443441949,0.00042015869328692847
33058,0.17642125642195919,0.15277912514329176,0.032117388387761604,0.024697191920824077,0.0025335479547894803,0.29382921306103132,0.04447587369160514,0.049084640655573386,0.22406176276316414
55314,0.0089575603193580086,0.0011903767677289411,0.00106656861126659,0.00017821800463901224,0.00020341925566684399,0.047759830268915435,0.012071256893984559,0.90977796774837494,0.018794802130065465
22980,0.0001989984576734113,0.45707106414053805,0.53646067744886128,0.00099773212400172282,0.0012857720729674653,0.00055205967464169324,0.0026106786946609511,0.00072969735839405897,9.3320028261300141e-05
49560,0.00023130230379435788,6.528710446249848e-05,0.00013497837224126365,5.0337760576069549e-06,7.3250407162674609e-06,0.00083090127904734425,0.00054318718743789007,0.99758358377492817,0.00059840116131486276
55934,0.0051837899338325983,0.0025641594838713127,0.0016799429726082047,0.00053096102828837841,0.00057841189823419484,0.055055055969131718,0.0062572475649372997,0.91260059855161113,0.015549832597485208
42244,3.6066447588750997e-09,1.576451266802214e-09,1.3560556561422073e-09,3.9601239509687081e-09,9.5846751364711601e-10,0.99992295932535624,4.7843621614096113e-06,4.993509966719722e-05,2.2309755072045337e-05
29879,0.070329754091359692,0.30622035699146527,0.10758606218119504,0.054720740664774871,0.25149077250714713,0.064235782110381334,0.071011608828446773,0.049582650109326852,0.024822272515902827
472,0.18417851559517562,0.1545553414421304,0.037856574336980871,0.016423082538232468,0.0035255544660231291,0.22161405170304563,0.20906950758892581,0.067716501697405243,0.10506087063208082
55333,0.0048336396264595499,0.002516753571146483,0.0016518099860675592,0.0005081417316541634,0.00057144516983046627,0.054644470175977317,0.0061450897897010895,0.9143866677029564,0.014741982246206937
19493,0.001755119443041623,0.57659934097499632,0.25337899365853345,0.13764818016359234,0.0020645443271536555,0.0048044971552015717,0.019792956601735034,0.0029261835672974748,0.0010301841084486756
22707,7.9165710867378706e-05,0.67300557158422891,0.2079087075792381,0.11754237003331988,0.00030539786643082634,0.00034632798624561621,0.0004004729198637838,0.00025541617056832526,0.00015657014923671625
42787,2.3799544028754552e-06,1.9551212033418427e-06,1.8586798977957679e-06,1.265111287559959e-06,7.7516853185879187e-07,0.99797394253630323,0.00022187171449939463,0.0011443889815971398,0.00065156273227684426
45362,1.2968603018612415e-07,7.4552438686533841e-08,7.0658321847654679e-08,5.281754502786573e-08,3.2075630261227479e-08,0.99959026364933445,4.8974891629549736e-05,0.00021754835581274407,0.00014285331325729112
36886,0.0032148899366251571,0.0011477352198772817,0.00071413720392510304,0.00043982363874532767,0.00016288061526986195,0.8109636481302136,0.0055657818497397045,0.16426728074737551,0.013523822658228775
53842,0.035876124826060715,0.41675375999248276,0.13843170306120878,0.050407397851208409,0.0047140618694092602,0.046698023566316041,0.029121268155932297,0.19312531002036215,0.084872350657019591
58121,0.11403486661573543,0.20852823612857688,0.091928673046314913,0.058284596401597048,0.013554207909365883,0.18656910761300521,0.14887755928834234,0.13737322083694314,0.040849532160119238
41858,1.13661100787676e-08,7.968367311208544e-09,7.8135663127435764e-09,5.0931340294850235e-09,2.9887832355107523e-09,0.9998971719293952,2.484663540107816e-05,3.2520395292221421e-05,4.5425809950470218e-05
3632,0.00010591396620297744,0.72787186907888013,0.2556253793266538,0.0099451740363827989,0.0051334494969780074,0.00037868690644415312,0.00052780960240978228,0.00020645844772830795,0.0002052591383198736
4203,7.9749309711572806e-05,0.3828501016851753,0.61299704377843822,0.0007147264979243523,0.0011197629799068135,0.0003311582959736183,0.0012503359322088973,0.00058449383190145056,7.2627688759773059e-05
2266,0.0010939630805197589,0.68397144955479472,0.19520313223059199,0.086246480990336688,0.00046824922717423261,0.013213570018787197,0.014187676149344637,0.0041453586938132005,0.0014701200546371441
11823,0.022724921064030085,0.67081202111729998,0.13326458080485151,0.014849081593668387,0.0020663379220159403,0.081381532682878593,0.016044547773496162,0.017763846588538031,0.04109313045322123
26076,0.00011883332588051325,0.65656361885645265,0.32468634916334471,0.017495970244561607,0.00057234307184457836,0.00020550031940006234,0.00016954835862123917,9.6382635611873559e-05,9.1454024282411065e-05
59075,0.012017518859105973,0.011049643044765918,0.0026180235148250902,0.0079878368637676337,9.4191958114181546e-05,0.021721696338612338,0.00067046662586172203,0.0017737152458110238,0.94206690754913647
42129,0.0018525364597513584,0.47409446348649226,0.37593657428109073,0.0057036330346923927,0.0018364822497661836,0.077088640422178709,0.038628113273422839,0.023385005118868419,0.0014745516737369986
33957,0.014176109771546626,0.0021419148298634978,0.00072365088696609752,0.013345963427459589,0.000340445381691865,0.94994983459818727,0.0049236703747126262,0.0044878507941603371,0.0099105599354120735
