id,Class_1,Class_2,Class_3,Class_4,Class_5,Class_6,Class_7,Class_8,Class_9
47484,0.15791190865399815,0.20448515328197639,0.055397778095545538,0.0097489097886671195,0.0084201226582497051,0.058073062604479482,0.23508679206040156,0.13618370487876508,0.13469256797791695
30908,3.1227735605915087e-09,9.8049859239234178e-09,4.8174350565465174e-09,1.2958633387279389e-08,0.99999987505919263,1.8976348417725471e-08,2.4319979807643015e-08,2.1659311367153491e-08,2.9281339821720921e-08
49031,0.012353942252127333,0.012662552819949853,0.0067044736134256626,0.0024211632279777739,0.00096029317354197666,0.081975952356071149,0.0090336193552570249,0.84689943329843709,0.026988569903212196
35190,0.0017757876613224309,0.00012048855903002376,8.9390751819603016e-05,5.0795495281563311e-05,3.0789220320523415e-05,0.97880839611795001,0.0028607280121753435,0.0078821684527967083,0.0083814557293038234
51849,0.019098783479019003,0.00094803721661543532,0.00060931085670901542,0.00089765187619750145,0.00015723351721623035,0.02925872063762236,0.00086731859023010541,0.86495774362404043,0.083205200202349797
38821,6.5323726147769975e-08,1.4421493389250423e-08,1.1868593095497057e-08,4.0362215858745295e-08,9.2711690232965924e-09,0.99991703064775872,4.7254660435765977e-05,2.4001938301323384e-05,1.1571506306585451e-05
11287,0.0071268177284464296,0.67525695134768537,0.18869731160278377,0.077905332076110181,0.00074189749242616944,0.011223884788809238,0.0082996309968905134,0.0050258693535576195,0.025722304613290559
33962,0.0044788006163066366,0.011230644715468059,0.0035503341482063951,0.00077401992983575747,0.00011569938706787676,0.85513987449169082,0.10009620570848736,0.023976399188748526,0.00063802181418840746
61123,0.011562545808084787,0.0020728954468242772,0.001437318449330711,0.0013576841823571791,0.0060331223302997937,0.058565310135424348,0.0034526649983230308,0.062512446480563394,0.85300601216879257
19849,0.0002307772094396079,0.345534152729565,0.42118393878713734,0.23138080177652748,0.00038387846160944662,0.00030476614387940605,0.00063658076877433931,0.00019379157437865517,0.00015131254868876634
59924,0.007291965822371578,0.00062229320321593215,9.479863465080898e-05,0.00012317972706123132,1.1175423562859544e-05,0.0104696545390566,4.9992393538278522e-05,0.0025076181784083394,0.978829322078134
19390,4.0275789538047774e-06,0.29128036664638984,0.70628001488775249,0.00088365518121091737,0.00034779421175267823,0.00028900973356966515,0.00043570975284257989,0.00046621831453863598,1.3203692989094987e-05
54569,6.6506502612404683e-08,2.8954182530045343e-08,2.6623826427379518e-08,2.2572170797462002e-08,1.6482884899517993e-08,6.3433018326202654e-08,3.9056299872992338e-08,0.99999305671815819,6.6796529563172644e-06
12999,0.0073482423828795003,0.67111756676866496,0.13802810768682633,0.040730112163580717,0.0022870232635132954,0.012392171379416998,0.10242082349392795,0.003279919565778327,0.022396033295412062
47247,0.00076860069884045765,0.26355551387255333,0.44000820108400829,0.017536942117557394,0.00027990810515763086,0.0013504400225911076,0.27568956389267918,0.00044913296189758489,0.00036169724471500013
38035,0.010711376592590338,5.5324276212720388e-05,4.6463891106949717e-05,0.0013155234513070812,1.4991192979668216e-05,0.97744909782114309,0.0064206479154903309,0.0033035895091653418,0.00068298535000446659
9950,5.3765155930800266e-05,0.35793865305534478,0.63720655605922494,0.00029577477619361259,0.00083480138677529878,0.00057489003442558304,0.0018367436067608582,0.0012526649197315224,6.1510056125642608e-06
24902,4.1850848415191909e-05,0.87317532812520471,0.11950184228639617,0.0060357159603542446,0.00098672930396118998,3.7733470291953282e-05,0.00011201385986070843,4.3445607165360708e-05,6.5340538350788706e-05
25882,0.0010305166977208455,0.22851305610835582,0.67878767039008203,0.057906939532171367,0.00066136432311178625,0.0013952802521736585,0.029686572978710003,0.0012988712035946661,0.00071972851407978817
27679,0.0014860203862882657,0.21822635664309412,0.048227585786275548,0.71451494175199592,0.00023718592494936423,0.010127686263799991,0.0034666286478214053,0.0011483858250707314,0.0025652087707046917
383,0.33226400451580523,0.017160748568275687,0.0043863382757875109,0.0027813999866671199,0.0035978624258958198,0.050545533129344559,0.036472277721014627,0.3466314780463064,0.20616035733090313
44571,0.12556147166530876,0.33889951303945609,0.037624771460995667,0.0032239666066111103,0.0026687472203436274,0.29690580780242765,0.098716644996248382,0.054102912372892928,0.042296164835715896
7979,1.2046777678168032e-05,0.84208299948222398,0.15216664395959484,0.0054653894181965436,5.2645177542710861e-05,9.8949203328622959e-05,3.7263331782053991e-05,4.6935976119131423e-05,3.7126673534140343e-05
53428,0.013684428197434146,0.0016440047681888024,0.00068676120827022619,0.00025047757765914999,0.00035751674396897589,0.0073565844721392454,0.0047062885715467122,0.95869120394043894,0.012622734520353968
28285,0.00069681502010312158,0.57508515386881565,0.24714914996016862,0.15300283819997049,0.017498554057588676,0.001107540429346666,0.004170183195240409,0.00040758209846966171,0.00088218317029683147
4355,0.00073028456230684604,0.52186129619970245,0.2207984515552425,0.24279728395325831,0.00087261376875916793,0.0021585447349769197,0.0082079438505498446,0.0010046446536813929,0.0015689367215224786
30978,0.0012574269776046796,0.019052271209246789,0.0021205087717991321,0.02068259917273273,0.95162547232534556,0.0018576841512881847,0.0020998904997503402,0.00068374599395406687,0.00062040089827859854
57926,0.15869365442368288,0.12633141701532993,0.050563495389224673,0.038629615475982655,0.018995174279298817,0.074932838556405243,0.20891002870614936,0.23054775466137217,0.092396021492554159
17350,5.1130219358397556e-05,0.67727017932145084,0.28287830747667037,0.039135374955259282,0.00046830296461878668,4.4071788233759797e-05,0.00010272062115110811,1.9792395011486353e-05,3.0120258245974646e-05
51609,0.005685212168978538,0.0021185010657622039,0.0010709827028461438,0.00047144494680014117,0.00011795472440649311,0.041187510357810757,0.0087689875656926947,0.93193426227912912,0.008645144188574011
61373,0.036482536312849444,8.4216919644418569e-05,7.5590431560550506e-05,2.692481821569102e-05,2.3035362596403043e-05,0.003393989060086134,3.2095612619368561e-05,0.00062697616275080969,0.95925463531967703
4181,0.0021079836056931566,0.82609844527958753,0.089281856916991531,0.055379107886826096,0.013551120598617522,0.0038064536728245608,0.0046100859228882449,0.0028368044024595432,0.0023281417141118206
53149,0.013784836841994122,0.71504285680843249,0.11391940934432131,0.03124245779133317,0.0043791631379787241,0.01653408885769839,0.079948590903410582,0.0095101887147834661,0.015638407600047637
12861,5.382568131203637e-05,0.45236884789432102,0.53043999857601742,0.00097291359127072016,0.00072376234134267469,0.0021239847859241151,0.0077008563497745946,0.0055992063533492637,1.6604426688085122e-05
7515,8.7049048515652433e-05,0.25175641095210705,0.7347093580170716,0.00046386746364546194,0.0035771077921456242,0.00040559103165580001,0.00014731026070356615,0.0088103546558135799,4.2950778341622369e-05
33328,0.00087262282155643322,0.0024857658713269494,0.002078558180305958,0.002601103045000568,0.00020604599182465173,0.98180208323055584,0.0059285431574030659,0.0024550831249647619,0.0015701945770616424
36461,7.0267503840990385e-07,4.8564543498754419e-07,4.7653744004473629e-07,3.0512142599597972e-07,2.3535972288965205e-07,0.99873021454242428,0.0012042368344504519,3.0813242496447569e-05,3.2530041566456259e-05
19024,0.00057632119421666898,0.25791446529307638,0.59496654038685792,0.14094470353634198,0.00070342036576540241,0.00088466812606055611,0.0027014044046500987,0.00053834446734476234,0.00077013222568600534
34693,2.9235148771373647e-07,4.8879048185214688e-07,4.3533373768139197e-07,2.6978404939152525e-07,1.4141115823502034e-07,0.99910497474962545,0.00064649215446287969,0.00016157770528286245,8.5327719713996697e-05
13328,2.8831606471485582e-05,0.90716101051768183,0.078168056436759142,0.014396017173098326,3.5835591762936591e-05,3.804353173056938e-05,0.0001153978783489762,2.0771422499992445e-05,3.6035841646709774e-05
31064,0.00065672320826132215,0.16084205813588795,0.0178148510603824,0.026599012092389539,0.77695523703851477,0.0094474200848003124,0.0014692200946179255,0.0045926612977865702,0.00162281698735921
38505,0.0019117919200835095,0.0021291527621786974,0.0015083933335691105,0.0013691130398153805,0.00016026587392642551,0.97072053735418007,0.0035321635723596524,0.012358342749863428,0.0063102393940237932
40578,0.17673303532965254,0.00080026538682674727,0.00046947652430152285,0.0042932853434352941,0.00032619225979979588,0.74589842054295785,0.039294624275645409,0.013201815628399267,0.018982884708981615
15157,0.024258037222783729,0.45195622626168708,0.092998798467864616,0.0084650256148715158,0.008888097287024473,0.17075522390092723,0.15714825585118816,0.029110098625976123,0.056420236767677247
54685,0.10143110308517692,0.23855010422905723,0.094154859022303819,0.058902453088875296,0.043644387131363135,0.068977521443089912,0.13157429502255752,0.21389425183372787,0.048871025143848348
50094,0.00050965946127791873,3.6045905809678625e-05,1.0169044237234348e-05,4.1801613372786459e-06,1.8662567758413566e-07,0.049463678293004125,8.2399982544915253e-06,0.94918214758839059,0.00078569292201099191
16360,4.2722590202836597e-05,0.81273163549772465,0.15891546482218794,0.0068144735735327765,0.020980787015396195,9.6843359312644506e-05,0.00015808294942752521,0.00011008033159693603,0.00014990986061841124
20851,0.0045832935266157115,0.40485439356641073,0.32021782717064917,0.19771026834029554,0.0047395605465357449,0.02238779771112083,0.038152565465703302,0.0047884643126891915,0.0025658293599797564
14345,3.9908838667813952e-05,0.69615579034191732,0.21148010556484748,0.092042121804793028,0.00011123298360706369,5.6606991196348821e-05,5.990479840946019e-05,2.590759889680977e-05,2.8421077664654006e-05
15437,0.00011041189425847329,0.87077407502132431,0.091973529597109818,0.03490660665754608,0.0002661656321025551,0.00026117870685278733,0.001571152988626325,4.7071058121058202e-05,8.9808444058490979e-05
28386,0.0012613173987826741,0.16670215142887157,0.40194140415127716,0.38957000150608306,0.0004540761253436379,0.0032784101394042102,0.035642064750924518,0.00058943738265550012,0.00056113711665780252
41821,0.061620399380708464,0.0010963598200924504,0.00075747908600271312,0.014114875600516679,0.0002639755800084594,0.84889957169136188,0.029348852469953234,0.02966638827008037,0.01423209810127558
49310,4.3537129883677246e-05,4.9777994374539372e-06,5.0428999432396662e-06,2.7703768181997678e-06,2.3279323074780067e-06,0.0041508336829977847,9.36848035134049e-06,0.99540070394776636,0.00038043775049452863
38492,1.6796733028178969e-08,1.4014470111916202e-08,1.8168940657681703e-08,1.0154932589561822e-08,6.4778717804541198e-09,0.99983109577916462,9.8897961949858143e-06,6.8237740682844055e-05,9.0711071009396638e-05
47987,0.065131876049889653,0.043327058772950539,0.15355345440701551,0.0099413018297539596,0.0087223567748730448,0.057535610881128067,0.26732398270670266,0.30465605217462804,0.089808306403058577
47825,0.0092780621206266616,0.33307777387787746,0.19490406926873932,0.083081417219385001,0.0024582001191010929,0.034614127222407587,0.32948589980845455,0.0066851208102862046,0.0064153295531221358
58368,0.088024788966166542,0.031336666316991509,0.0086183811888182055,0.0036836327675560093,0.065392404924574335,0.017593165061684648,0.0020051003576415749,0.0076207626677237666,0.77572509774884324
61017,0.029486993490283754,7.2323562435039167e-05,4.4241522138532808e-05,3.0309191093686072e-05,4.7987455953132204e-05,0.0073736592385586644,7.1727975148975823e-05,0.00051369587478819066,0.96235906168960006
33434,0.0066425347250000698,0.00021201069633599161,0.00053464583501056312,0.00042635327366078281,3.5021195414767439e-05,0.93177999846054094,0.0019918535225341557,0.047531197037197555,0.01084638525430529
25464,0.00018694149453960996,0.37390758749597153,0.58718127267623998,0.00063191388491800021,0.0074077532537288717,0.0015423995959056595,0.0053273994192968794,0.023753973633475395,6.0758545924058425e-05
8194,1.6400286844065961e-05,0.6948873086936298,0.30113635105312869,0.0039334095202159967,8.0019202741785004e-06,4.3725587968909765e-06,1.1990569158814936e-05,1.2252968027151008e-06,9.4010114900312284e-07
29453,0.00041979011467831688,0.052305106075813526,0.0072492464203542445,0.0045143040023309039,0.93374597075333032,0.00024327058732821684,0.00097686119196905468,0.00041282922851347228,0.00013262162568175616
1903,0.0072209397231781337,0.7366466735063717,0.086281730636070864,0.0054097421298289613,0.13276722102863137,0.0033299034890592423,0.0034750250877757746,0.0076044132733172586,0.017264351125766488
55063,0.00076909553387062167,1.5035286531612973e-05,7.4174217197751699e-06,2.5803196719995535e-06,4.8883797298069599e-07,0.020612472639866684,1.817772479348103e-05,0.97336374106507872,0.0052109911704941473
4038,0.30109784330665723,0.049778470365371752,0.015158679366835983,0.023549070703783259,0.001163504051993996,0.25004115180040115,0.042653336076255301,0.028756879850249877,0.2878010644784515
14437,0.00012979136039042202,0.92753129392867484,0.02975566466006906,0.040878091579716946,0.00010542873797080805,0.00070710584931797215,0.0004490497065564444,0.00016661281032081876,0.00027696136698256504
43097,3.0414988679843302e-08,2.7067171516143889e-08,2.2781092766627412e-08,2.0863444688662061e-08,8.573463118661698e-09,0.99977671218244313,9.1194917835338936e-05,7.1969522156182429e-05,6.0013677404643409e-05
26998,0.0098523822931635054,0.0043828966059753288,0.00080460314148907283,0.03271290734154101,0.051984785026506393,0.87810934237548821,0.0064168612188547115,0.0029192532537787733,0.012816968743203131
25136,0.00037144652942123726,0.54562986609354924,0.30042107429797493,0.00040624962100441696,0.00018268825054853778,0.003469533519640018,0.019325405983746394,0.12994043435410385,0.000253301350011463
55553,0.00071428137385839638,1.0994295672091528e-05,4.0701240121487056e-06,2.3880554005581558e-06,5.6519306447882322e-07,0.014808268417263272,1.155097010474603e-05,0.9838833074637543,0.00056457410686998322
592,0.12543624431683095,0.0030707199672468087,0.0012412942095541412,0.0010458615790521156,0.00019590628783851537,0.049857193981441374,0.0058482738259983402,0.015550528121282058,0.79775397771075585
29884,0.036864579417921567,0.45984083459159375,0.10919207874790023,0.05023151875554039,0.15821608691737779,0.032239769750855872,0.11032671950358364,0.016308729018312654,0.026779683296914138
125,0.00015838116781877773,0.66073673806323563,0.31512292783942741,0.016878846282918986,0.00021595932163997526,0.00024153264158732654,0.0064989158221531338,0.00011227737401265381,3.442148720635992e-05
1079,0.90680105404893485,0.00016476897266749215,0.00012402634613129087,9.3720027731142283e-05,7.1382042412115895e-05,0.0040133897231817272,0.0038157576540371147,0.071421673640298347,0.01349422754460592
46777,0.010238653925018073,0.0022858727355982112,0.0035901451314714122,0.00017054269131322098,0.00028475586521448765,0.027592323033985823,0.94453697277826087,0.0082826596879944786,0.0030180741511435316
2772,0.00034375427754718661,0.73544751416802312,0.22992967681242915,0.028397342872965043,0.0033675120396905469,0.00096153052420824988,0.00073193267527626657,0.00039021608391300109,0.00043052054594754996
4932,5.8800760505969221e-05,0.88475863705371849,0.094619817812987519,0.020154901136138367,0.00014360324046852502,0.00015868225108627181,7.5388304302745969e-05,9.769789407934768e-06,2.03996513843468e-05
29354,6.3212923172570578e-05,0.0053683234322790653,0.00055609434154853179,0.0048035612594970068,0.98899108236445799,3.9488121000976212e-05,0.00011169858263520718,4.1879175793042195e-05,2.4659799616043293e-05
24443,0.00070095633211382622,0.64526906928198102,0.28225641384639483,0.052153771070256989,0.01117804948497806,0.0010710338390054657,0.0058842473108735565,0.00090981716372152933,0.00057664167067490865
29643,0.0035216853524147455,0.11903084262561617,0.0063480435747312967,0.011592604885243028,0.85050867824333387,0.0023066683591750434,0.0015634505561708523,0.0016467536128312883,0.0034812727904835173
5678,8.6838906416683651e-06,0.48080478451539188,0.5087880677394222,0.001547487256967699,0.00084651553176621943,0.0012351870375405698,0.00098962498886795772,0.0057638696489807194,1.5779390421142446e-05
56725,2.4220909060059787e-08,1.7395438163119284e-08,1.7461033807464939e-08,1.2470233900823098e-08,9.6044080693475441e-09,4.2943330154825065e-08,5.7048432304345834e-08,0.99996736360206495,3.2455254149685482e-05
7433,0.0010105528941859966,0.89192550476025656,0.087214209185444688,0.0087424582950738471,0.00068479939322875505,0.0069368197427546758,0.00090613040947462142,0.0014436206489766845,0.0011359046706043722
46873,0.00067166218721919334,0.0027607720905463836,0.0028189637293056292,0.00020424127058046347,8.5366543810576115e-05,0.15768588681325715,0.83425599337837253,0.00079847940733232656,0.00071863457957591266
30784,9.5027180723005048e-08,0.00056989862982115432,2.2807146248209832e-05,8.1315839775564534e-05,0.99932514649130511,2.3648368471641081e-07,3.2504227239631484e-07,1.1007090610861808e-07,6.526880598423015e-08
2871,6.3457673975684601e-05,0.92886007624481404,0.052783333446065256,0.016220484613666254,0.00029737627177639606,0.00018085435392520486,0.0013692142629720997,8.7610069609584545e-05,0.00013759306319548255
12686,0.0012515771887908688,0.36104488363751264,0.4263258088240614,0.19028188965768647,0.00081227945892281344,0.0013202205190384036,0.017605242920958528,0.00077692994249452425,0.00058116785053437194
59147,0.072837787617597238,0.0004452930460748137,0.00038916868071699949,0.00046733664140529671,9.9688790324799323e-05,0.028293154726527242,0.00063742197123309243,0.0026010314092533848,0.89422911711686714
11060,4.0573671075349857e-06,0.83076020488409275,0.16164240214966308,0.0074583788755884072,9.556755300791057e-05,2.1334458510376781e-05,7.1199385683846744e-06,1.8214857189184255e-06,9.1132877427887235e-06
16819,6.6333833227977626e-05,0.94491956193968263,0.04919769931203314,0.0015664739218905514,0.00036573981598551599,0.00010005480806793859,0.0036526199302942628,1.8188762255336612e-05,0.00011332767656233248
12905,0.046961209386589903,0.50197753098861286,0.19544358339673551,0.050572271167576878,0.0070415450240979248,0.020628376991030182,0.10294698275827567,0.040456845101533453,0.0339716551855479
31944,1.9978912047785218e-07,1.7469434020814289e-07,2.5214243022463622e-07,1.057519755618384e-07,7.6264632692961774e-08,0.99927088926356866,0.00011819404847861163,0.00059333200325868446,1.6776042194846582e-05
42658,0.0022469958253900696,2.5152341073766114e-06,2.1748771967491735e-06,0.00010504333233009795,2.0781335797870626e-06,0.99303906726290669,0.00039765196123996935,0.0032935775253570784,0.00091089584789239377
29583,1.2077013630993532e-07,0.00060350673102696386,3.0192220885742773e-05,0.00015032767983218004,0.99921187663448963,1.0019037802199264e-06,1.5932200782618198e-06,1.0155635040779307e-06,3.6527626659263153e-07
47504,0.098298890144691523,0.45136330195599622,0.11676222419317751,0.057898258626323529,0.015291455840129366,0.041291406337558331,0.13900982029148753,0.052671692216171594,0.027412950394464442
14809,0.00083239408004509607,0.79132342032445224,0.12794236137441953,0.070406089863229798,0.0018139025969131984,0.0025052387943772956,0.0029078632147299622,0.0013400939812148694,0.00092863577061783444
43009,0.0060158846850492274,8.2254211857398258e-05,3.4297558599209925e-05,0.0014378927123175319,6.7217080296686052e-05,0.9834005322477769,0.005794025492199509,0.0026185852243220875,0.0005493107875814817
16305,0.00042582263018261173,0.57324907513246981,0.13448466436862069,0.28436012263141763,0.0016574482907317427,0.001485449850314093,0.0031542643156115204,0.00051917321815910596,0.00066397956249238837
23810,3.1174760457414823e-05,0.37153674462338077,0.6221179946381058,0.0023969484217517996,0.00069015439845644135,0.00051761686269390247,0.00043657340655189582,0.0022638006850296045,8.9922035723235097e-06
58409,0.20249797611773204,0.0057903627485997511,0.0013424205769155186,0.0011099603098108357,0.0015899578062361483,0.041821096701566612,0.0049369131774627192,0.13555861430291424,0.60535269825876215
51860,0.014115912005735424,0.016316393844142612,0.0090291825350965037,0.0032135152430694531,0.0011679726610133306,0.1397176493405273,0.012949236039127151,0.76187702627123688,0.041613112060050896
28776,1.2680370456401074e-06,0.0021434240943752065,9.4156827267675503e-05,0.00054420441572870933,0.99720323777461217,5.9869808441497546e-06,4.0072085094521053e-06,2.790747402991821e-06,9.2391421408289399e-07
11237,1.3641952983050226e-05,0.8068522386613971,0.18012001706262634,0.0128778372070717,4.5330532281583889e-05,3.6525791173884077e-05,2.3892798814164969e-05,2.0111521345352883e-05,1.0404472306564881e-05
32199,0.011169707885969453,0.013009669207654007,0.008140895986843066,0.0082199230888620398,0.001669684563600229,0.88810725920117617,0.043815086621419239,0.016145187621911826,0.0097225858225639568
52848,0.0051717276116488072,0.0059023906522452122,0.0032838723577623937,0.001133918771463354,0.00043033718797485089,0.070725913353810968,0.0083163390070045261,0.89350809307525669,0.01152740798283302
37765,1.7608106247500187e-08,3.7718927750922901e-09,3.0941030222405896e-09,1.7436771203580927e-08,2.4986560782832504e-09,0.99997203623095732,2.2222096465494774e-05,1.5942087561428421e-06,4.1030542916950016e-06
46098,0.011873481503568992,0.015630728009290044,0.01104797908073419,0.0031730635807470384,0.0011045016257990744,0.13384097639658388,0.021688683816844041,0.74480003268205197,0.056840553304380599
26619,0.00025108507788300648,0.56060364273917185,0.29135572845600632,0.14633417653062331,0.00023456665829019689,0.00023588227971281986,0.00057632977885593514,0.00018346364799295308,0.00022512483146345478
52536,0.0034987206117653527,5.3195288813491399e-06,3.7226519030849465e-06,2.7841988694033808e-06,2.7092464102013565e-06,0.0018509560666263886,0.00015660685839891935,0.99156645956971023,0.0029127212674350273
36784,0.22774716450967114,0.011533231071880838,0.0080358355218064868,0.00086044451889442832,0.0027687907568369335,0.081773608188619132,0.024349618928727425,0.5167416663008193,0.12618964020274431
31816,9.7812487274681319e-08,7.2312310611378977e-08,7.1691843712776231e-08,4.8757280859276022e-08,3.4198138929390077e-08,0.99950201660548221,4.649865019154269e-05,0.00042757824742132509,2.3581724843660232e-05
50757,2.9054263187584177e-09,1.8048738180899933e-09,1.7593448985743349e-09,1.1575301770772285e-09,8.7156351268442345e-10,3.7422420812794005e-09,5.2339458632396031e-09,0.99997406042449544,2.5922100577843485e-05
17258,0.0025394791424226629,0.70550341361764768,0.17357532657319116,0.029615108642113915,0.00059237529761721702,0.0043692510859144624,0.081648069010506877,0.00080068020845515256,0.0013562964221307012
15746,0.00022925403583553086,0.89521756861359081,0.064851521468928322,0.037894767083483598,0.0001846298239853556,0.00045676461720011623,0.0005754407712928939,0.00020013910519663897,0.00038991448048673096
53178,0.00046936614382758551,7.773759402723466e-05,0.00021150783497870368,2.8476346266055063e-06,6.8537608163561702e-06,0.0064420866777093935,0.0096076211762921564,0.98276324944264282,0.00041872973507931313
61397,0.09998830877679428,0.025308334805717727,0.0061635064281060871,0.026238296510994265,0.0051194997979827654,0.12695405217544667,0.008877430179961187,0.27036105269472399,0.43098951863027302
54499,0.058763004673239902,0.005762547545377532,0.0082795251861934697,0.00037782511325901543,0.00026795244475176717,0.013024347380775301,0.024077194455118002,0.877794828680864,0.011652774520420971
50270,9.1197768165391974e-05,5.9642525625839685e-06,6.5966020076420593e-06,2.5913918948303802e-06,1.8927989687878766e-06,0.0026935923353016904,0.0010583482479218588,0.99595728681589146,0.00018252978728572718
17540,0.00016361413695466429,0.66824065692846335,0.29601873906476084,0.016586472290213372,9.4511616656645577e-05,0.00083704181111916311,0.017806001239550662,8.5918453871910609e-05,0.0001670444584093811
15817,1.1303999503971506e-05,0.87812171296930075,0.11909908020346976,0.0026348611942499491,3.8841110295400481e-05,4.8744314663580998e-05,1.3995118183907145e-05,2.1201605952700115e-05,1.0259484379992787e-05
60536,0.019020339402741317,0.00092677600788793621,0.00084507454411820537,0.00019407034152199706,0.00013153585563272345,0.039240464851898041,0.00036203968004900879,0.0025647708515743463,0.93671492846457638
36310,0.0004408281011964709,6.0125441508979358e-05,3.2335801677738911e-05,2.1532608176255301e-05,8.0071666393550143e-06,0.9542026280599688,8.3081923102170521e-05,0.04467531268778651,0.00047614820994358207
38175,9.2539131194380857e-07,2.8270763690073835e-07,2.0868767038865264e-07,7.4178896495270404e-07,1.6790339941746165e-07,0.99914892198233507,1.40715598074942e-05,2.2854561099130868e-05,0.00081182541777471246
34731,0.22636069227698882,0.0014593732686352032,0.00034118505162636923,0.001123774779397075,0.00042695578238144367,0.65991403252780112,0.0064789008697397959,0.016853841460054513,0.087041243983375816
56347,3.8773774388256505e-05,2.3331908944106421e-05,2.2725625105823167e-05,8.0627173391895289e-06,6.5961188393602301e-06,0.0046998188094707323,0.0028591847535653111,0.99202136301783272,0.00032014327451477181
52015,0.0057897233423997111,0.0018639134678465721,0.00085225679584119494,0.0004782393378429687,0.00010723296616244057,0.032874703769535094,0.0082379536635616753,0.94195509102349773,0.0078408856333126893
47541,7.1435051366047317e-05,0.0034550588522908481,0.023366779851152999,0.007381269982772381,5.9510675652197159e-05,0.0019072077989250526,0.96246315932989301,0.0004319743124035741,0.00086360414554373247
23276,0.0013514806291766775,0.15025267609377388,0.74197212308950056,0.092758820961345731,0.00083786895646165193,0.0023624542062032085,0.0076662108572347005,0.0018405165505636393,0.0009578486557396584
51938,6.6264773147492548e-05,9.9224080384322585e-07,9.6960078573135492e-07,6.1316166825381478e-07,5.0153155277570143e-07,0.0013013704113813498,0.00017181379323373474,0.99827584479817943,0.00018162968924736173
617,0.89933167474506925,0.00043253097588888406,0.00036349027882449914,0.00025080061309163239,0.00020189174895580874,0.019411326581342023,0.0070388531656110495,0.065396112889009178,0.0075733190022076232
47316,0.087776762260952532,0.38087340204177095,0.30667633116204962,0.07609065624352139,0.0048364195052277162,0.016383627525622724,0.10638205986070125,0.017116249769125576,0.0038644916310279424
49934,1.7946023773854409e-09,8.487141538006467e-10,8.2175493677587999e-10,5.5643716831573816e-10,4.2505434185099379e-10,1.662085011817124e-09,2.8878372580123289e-09,0.99999510470259911,4.8863009157957969e-06
54505,0.012792576332466428,0.015286783559625174,0.0083536115466527928,0.0029873393323324449,0.0011274599707791621,0.12342454289363571,0.011621514525815222,0.78848040148662912,0.035925770352064026
9977,7.1155193352814519e-05,0.47978972703650385,0.5064308249950974,0.0012958946538397997,0.0019120460565769796,0.0029837701726573786,0.002531699483915443,0.0049437464717660209,4.1135936290455145e-05
42490,0.00083313957366030165,0.0013172633329046428,0.001090866269790306,0.0011205770083209754,6.5929496859597111e-05,0.98051835844165147,0.0099733352567488113,0.0037722787393958839,0.0013082518806679069
17632,6.5284973814830905e-05,0.80391225575763203,0.13909936272764467,0.05629476708297898,0.00013602363644824944,0.00015291672181066529,0.00015792724534338797,0.000119779101490444,6.1682752836906825e-05
38244,4.0359100307071017e-07,5.7436106838759166e-07,5.7906852437712273e-07,3.0387288917068061e-07,1.7200359888356241e-07,0.9990275290949977,0.00064860972539354782,0.00023764641033568865,8.4181872189049281e-05
33740,0.00086343381711909324,0.00094318839388055195,0.00074029579028912806,0.0009342856083833555,6.0617312362475315e-05,0.98304827367371139,0.002960739858859811,0.0069007052411601318,0.0035484603042339833
53125,0.35247598051832213,0.051667026577717115,0.009816149837624643,0.010110270477594423,0.0054110446009363877,0.074521678463631266,0.07641477064103884,0.30952626412410544,0.11005681475902949
48914,0.0048216157211441952,0.0071337259692216036,0.0034428744724837638,0.0012621184309093811,0.00048492383150720229,0.068469090113190925,0.0071818046392176735,0.88806002247191218,0.019143824350412911
59172,0.013842215786849649,3.2915786629325242e-05,5.04650880112892e-05,2.1450504572996706e-05,1.2465084090123497e-05,0.0094936608063545726,5.0773017285478411e-05,0.002975975904478127,0.97352007802172824
1023,0.67099340578411115,0.0017877803781524157,0.0010339233701618948,0.0007530001635052074,0.00081917893563334667,0.063238474609144849,0.0061822206208830503,0.054998633887479421,0.20019338225092864
56886,0.023102858046474894,0.0081687794866938772,0.003907379368374566,0.0047883760508096807,0.0021837275557145567,0.029908225976070957,0.013522467852530726,0.71748463739980628,0.19693354826352436
31566,0.010352219605590058,0.024783849641039472,0.014257059166552767,0.0099853229960204012,0.0020378132657103572,0.8049706821000242,0.073573104984375193,0.046441347953831563,0.013598600286856078
22351,0.00016944834254827186,0.89529796221344848,0.094873375439041521,0.0020346262348977118,0.0048551541378355255,0.00049757208108640023,0.0015528911648570204,0.0004950166804174699,0.00022395370586765324
33292,0.00068054707766726096,9.3577297825601764e-07,2.5875399535665561e-07,8.3186458826837373e-06,1.4979263260004003e-07,0.99809984071522906,0.00093028784197060795,0.00010472982359983875,0.00017493157604421043
30351,1.9311511536912839e-07,0.00072368086535517856,4.3644224710482803e-05,0.00019807027745267729,0.99902001967928133,2.6436945319251954e-06,9.2237214629304467e-06,1.9036373843603911e-06,6.207847059801204e-07
60173,0.0094099363200411505,0.0019789694817123563,0.00079531545147060395,0.0002936303232034078,0.00048049132447447403,0.074839380139366404,0.0014278183851129628,0.014795602167431168,0.89597885640718766
33200,0.010900155495142215,0.00051758007351482196,0.00021196762069200438,0.00042137943369732658,4.690348677195086e-05,0.94705790143582136,0.026551656663906045,0.00083850926201868526,0.013453946528435646
51514,0.0029716645439381364,0.00069307204196271551,0.00057042798549322715,0.001031597541732426,0.00061282590226688263,0.42384790866028538,0.00093657189235396077,0.51284604023461322,0.056489891197354217
33311,0.0086669895757129148,0.00027623088737217843,0.00071710532867416059,5.1160811096307473e-05,2.8639962833153451e-05,0.59764064441451958,0.38869643894284284,0.0034160841887472299,0.00050670588820181395
22463,0.0045271112701795188,0.4908372422883453,0.25751332170965557,0.18795181047977538,0.0055216489968792342,0.01224379950581468,0.031041919900275512,0.0062208722412608383,0.004142273607814129
46655,4.5345112920112321e-05,0.001177011056443516,0.0069362012728596293,0.0028907891230387896,1.9424031026704232e-05,0.0018959593918293366,0.98680658603550975,0.00013126919780581488,9.7414778566366989e-05
26350,0.00052814292690444426,0.22804666370454746,0.4370651589829202,0.28382108296746794,0.00021711811924583635,0.00081882684597231611,0.049015556956538649,0.00022759354223731546,0.00025985595416597282
52446,0.0068469289832551903,0.0013612395955353422,0.00073171669254994099,0.00090145868199242917,0.00013703126921471343,0.010345343414117011,0.0038804182256334686,0.97358347111542076,0.0022123920222811358
11373,2.830208993146976e-05,0.70375205806733099,0.22173986772928983,0.074289639827290838,5.913380165733017e-05,6.2340494951785804e-05,4.0383442071523555e-05,1.8427786244556045e-05,9.8467612320504597e-06
1650,0.80532699450902223,0.00054087373237508461,0.00036662576932351633,6.9425547752860627e-05,5.0062289522527558e-05,0.0073353532169433185,0.004214392129416801,0.17712513698753446,0.0049711358181090985
46471,0.0049470940428671152,0.018893320708169448,0.030258134666210804,0.0078721098916773521,0.0032664009903338072,0.0071963125976679965,0.92465084427196076,0.0027262948184959986,0.0001894880126165571
40106,0.001540969347779093,1.0199494443904687e-05,3.2678660805509495e-06,2.0185009529186994e-05,1.6747687602046849e-06,0.99354872858076826,0.0008445833339641558,0.0011858217811428495,0.00284456981753179
11148,0.0023499345848757656,0.74250034696829537,0.15787552750202616,0.066755021022002398,0.0068371032781159866,0.0038789155544296516,0.01263624379670519,0.0043094011512998329,0.0028575061422495647
7399,8.571871661416873e-05,0.62166669359758908,0.26375826333334729,0.11382103580331344,0.00021722280246965801,7.2998842041311916e-05,0.000302799758199355,3.0187377415668272e-05,4.5079769009941419e-05
34719,1.1390667634958616e-06,2.3121494890704303e-07,1.9119714600898508e-07,4.6025333067297871e-07,1.4726708339878531e-07,0.9992307598285004,0.00073492619366991128,3.026832308913639e-05,1.876655468134264e-06
23069,0.0062987507419210113,0.22179186736916692,0.66246473513761761,0.08300650499346203,0.0008050287075840808,0.0026051305880699016,0.020836035418252227,0.0014844636565706248,0.00070748338735566031
34889,1.2290162238780489e-08,3.1847512089363359e-09,2.6054265568186288e-09,5.7988805769952538e-09,2.1339823675950387e-09,0.99993861671521267,6.0395187362964011e-07,1.946083253948545e-07,6.0558711385379998e-05
18520,4.7590358316144886e-05,0.57993420659485462,0.41633782447259599,0.0034100590377777111,0.00017840341667396841,3.2308205446847465e-05,4.3179863180037783e-05,1.0647404213502962e-05,5.7806469414827826e-06
24014,0.00011990768007183569,0.66861008826788371,0.32238987762372157,0.0079547824687874382,0.00032074701236650585,3.8940764271741891e-05,0.00042602785455726316,0.00010568715488755109,3.3941173452377352e-05
23847,6.8915146440870227e-05,0.703474250308458,0.2300308376361922,0.065921917704641245,0.00010699700920956587,0.00014025285856025951,8.5869366575676376e-05,7.2947392543886981e-05,9.8012577378410663e-05
15768,0.00021984299276991875,0.8002019292934528,0.13990540331146897,0.047385076445066905,0.0069671244749895259,0.00050674452472164726,0.0035756724674206723,0.00037306325462331481,0.00086514323548608394
15155,0.000339840771735654,0.40181835100446217,0.42470434673034163,0.14212980569021738,0.00015205686131549527,0.00077315898650541785,0.029621548316116079,0.00021901452543116078,0.00024187711387526413
23316,1.7925929478450321e-05,0.76805569843211063,0.19058769634986969,0.040132830094279176,3.6455407291258644e-05,9.7786325798962978e-05,0.00096117975176614071,2.4412010544399595e-05,8.6015698861105483e-05
12195,0.00070886102241219772,0.42405556882512319,0.24036679858620333,0.32223076427432662,0.00043216731119199905,0.001927198958281746,0.0076303173401378252,0.00073792617122247768,0.0019103975111007577
4728,0.00012282216925937903,0.89904943635438417,0.095384492635797527,0.0044970166513386327,0.00039421089348829218,0.00018711157487443276,0.00024785805077747115,3.6658444574289885e-05,8.0393225505723891e-05
33058,0.17293199575409884,0.097758826910269048,0.0092626414672741728,0.027917367688357897,0.0017565742625900408,0.45815394172981821,0.017516150964541045,0.022271855907730849,0.19243064531531992
55314,0.011960429600572751,0.0038830536468648738,0.0035630680889354341,0.00051104701911066914,0.00019221443553264338,0.073472377822496437,0.013271514342331526,0.85988685015421618,0.033259444889939455
22980,1.8182514738129768e-05,0.43854648439480137,0.5557444406544535,0.00065939179708706937,0.0013333534015629719,0.00060003592857278416,0.0019357011046530895,0.0011454693922346888,1.694081189594152e-05
49560,1.5540049765535572e-07,8.1102983870720978e-08,8.4702538214740963e-08,4.9821853442357792e-08,4.1781689798801813e-08,1.1949710454101829e-07,2.3108030794933494e-07,0.99994739807950739,5.1838533517200715e-05
55934,0.0094199239397661071,0.012382205173981987,0.0065809724166808617,0.0023705794303055588,0.0010169659603444716,0.07717676760197352,0.0086648240920064144,0.85808531538496058,0.024302445999980757
42244,3.148032587154682e-09,1.3891683733319814e-09,1.1484633711844444e-09,4.9764759888908781e-09,8.6586181784759238e-10,0.99997088131077572,2.9515980661801264e-06,1.2670618937989337e-05,1.3484944218062666e-05
29879,0.037237512142256998,0.19452134788477141,0.043924009256821397,0.050038549682233271,0.50417223492888974,0.054027186304077636,0.066858338961527833,0.032255609468588596,0.016965211370833146
472,0.2054498009999933,0.083453415423930671,0.01863152479688111,0.010852973164655987,0.0034500462347528166,0.26118810218635452,0.27523723382010506,0.056295051463589769,0.085441851909736785
55333,0.008422653321958953,0.011843784907910833,0.0062338897562404499,0.0022730820530970962,0.00099457025748442892,0.071985037552013381,0.0078622106125939267,0.87029394352356271,0.020090828015138333
19493,0.0012561041199489927,0.59135482057496136,0.29525444779277804,0.080649769392935888,0.0013878890495489164,0.0035051243960827526,0.024004950828202313,0.0018657859529961401,0.00072110789254551939
22707,7.651094486775569e-05,0.57089726987045808,0.37363809811441145,0.054719971647828304,0.00013091467969029931,0.00021226357319853074,0.00012539287623477213,0.00012969851104952703,6.9879782261161351e-05
42787,0.00015022693321911591,0.00017520617207023414,0.00019549601002770588,0.000286623656687149,2.8007609727676593e-05,0.99611960924125187,0.00055251925984965841,0.0017274138632682567,0.00076489725389834002
45362,2.7435774348586069e-07,1.6745960795327634e-07,1.9334007584810997e-07,1.3972232192472086e-07,8.2642847997576201e-08,0.99930914022216655,0.00010276497024507095,0.00041383284445375984,0.000173404440537313
36886,0.002218625704639873,0.0033797683116982727,0.0017795557554735244,0.0011829603249422498,0.00018516273371069525,0.93359168319078445,0.0048304793306135655,0.041704355084941483,0.011127409563195856
53842,0.029150854648417348,0.30769773097309405,0.12188918726030948,0.035327921717096256,0.0045966562320239688,0.047274201071547811,0.022252132932585007,0.3433173063010268,0.088494008863899201
58121,0.0928205849238532,0.16811293898030888,0.075625549132631864,0.03541254448655385,0.020489220784496727,0.16357747928471289,0.20935217030725617,0.16898060384250424,0.065628908257682028
41858,1.4153296542382914e-08,1.0574596997591706e-08,1.4684024495298597e-08,7.5541732813600805e-09,4.5435065583218521e-09,0.9998599047889396,4.5720003532973463e-05,5.2146872545202349e-05,4.2176825384343335e-05
3632,9.7934137502062838e-05,0.7687733398896297,0.20867483674333509,0.0048037490362905812,0.016408814300894831,0.0001758112230939947,0.0007871308680748372,0.00012310004625287375,0.0001552837549260415
4203,4.3957186311078225e-05,0.39679510723152522,0.5993598017186188,0.00061504940408708758,0.0013028405039392113,0.00032738857992244559,0.00057595361492606941,0.0009684073262235792,1.1494434446683727e-05
2266,0.0012037042464595998,0.75967577727599045,0.14103078721581391,0.069317336049560238,0.00019336091613299052,0.013113184572181816,0.010506271677333725,0.0036866818411886789,0.0012728962053382966
11823,0.0079673505029442728,0.79272667716790024,0.10182617205766242,0.01245770427209314,0.0018758919859797512,0.061694962531516961,0.0069302861868042048,0.0054981531314837982,0.0090228021636152862
26076,0.00010144733839773459,0.65272887994041717,0.3314135729061769,0.015257185804848278,0.00025129152450806822,8.8035710343134472e-05,9.7403409933747282e-05,3.1188538690730315e-05,3.0994826684174059e-05
59075,0.0068264534856978115,0.00052275927480842387,0.00033187968613456912,0.0037654221848279945,1.8663055326533506e-05,0.013631566436187537,7.1302860357806838e-05,0.00043601356560860738,0.97439593945105063
42129,0.0036205969788732323,0.51367624340017537,0.20006178088044932,0.019903290330271162,0.0035307725711889908,0.18821190843602481,0.038451709183984897,0.03012538747680598,0.002418310742226116
33957,0.0097632100974807488,0.00020143085346759637,6.2926744273014679e-05,0.01035205491916481,7.787696253070855e-05,0.97183026761041424,0.00172885009956422,0.0016752383141526784,0.0043081443989520908
