id,Class_1,Class_2,Class_3,Class_4,Class_5,Class_6,Class_7,Class_8,Class_9
47484,0.15479618728610861,0.14882239396377039,0.033836729380097533,0.0089696722173204634,0.0078859460949459691,0.037003629958717768,0.28241485237175745,0.12038470578713979,0.20588588294014204
30908,1.8436474819900913e-06,0.00095605995422833891,0.0001618676149624198,0.0045229271314219293,0.99434289191898884,5.326908916846559e-06,3.7229404305430564e-06,2.0391614623907851e-06,3.3207221068545383e-06
49031,0.012233113849236312,0.017317570884647537,0.0091738102100553057,0.002815677455464263,0.00074882966020624765,0.082139838576960778,0.014967107104481018,0.83193551053810355,0.028668541720845261
35190,0.0039275992444395471,0.00152997092368487,0.0011631558991591689,0.00037853615124070703,0.00013813821715550896,0.95442130617629373,0.0069621757315457156,0.013611031191364189,0.017868086465116499
51849,0.034695846368424571,0.009001640850226143,0.0039568918279800757,0.0026816180297365099,0.00070550889143115847,0.057161656571813754,0.0059855010912308534,0.83396739805222597,0.051843938316930759
38821,0.00081122145127054935,1.9973183518800705e-07,2.6594999676427212e-07,0.00011337054588125957,1.2546501934922354e-07,0.99846933146486627,0.00012279672024699024,0.00020487272263855326,0.00027781594824513936
11287,0.002402647876005731,0.70679569325814695,0.23839257437570052,0.03199184990207235,9.1137814311089308e-05,0.0044258613912575399,0.0027904745230756299,0.0013408775869047918,0.011768883272525548
33962,0.0028812452948321224,0.0053329323666866319,0.001859726690034055,0.00059480552612074832,2.0825701575553513e-05,0.92611321936541302,0.051173014888332362,0.011868413359718112,0.00015581680728729989
61123,0.016201387925212515,0.018562126821638696,0.0091485288262650663,0.0047199263074332474,0.0076356175920597831,0.073411326965962045,0.015862311999028843,0.10838561322002827,0.74607316034237114
19849,0.0006496462066044442,0.24527148830305687,0.31010151597410612,0.44195115283904546,0.00015140269029722736,0.00059276371802081918,0.0010299537317132318,0.00018698654300698501,6.5089994148918637e-05
59924,0.01827490582517928,0.0075163647601719013,0.00078458220052624126,0.00074978580561936841,0.00012731886007810194,0.027752508980878117,0.00056309745632199975,0.014053925898701648,0.93017751021252348
19390,4.3317245979772946e-05,0.22907201790047144,0.76174206291083413,0.0051271321353545595,0.000850898856163523,0.00041172673940452492,0.00075369273055271092,0.0019185371450090951,8.0614336230196474e-05
54569,0.00012059926075542889,3.5805727502994594e-05,2.9846208564829217e-05,2.6761185686295133e-05,2.1337627354805945e-05,0.011806673042363583,0.00062039349838281278,0.98705239820139523,0.00028618524799399643
12999,0.0038098338251992487,0.73459552901320702,0.10262305754528919,0.029149289331988196,0.0013683915886781276,0.0065958689323522461,0.10047602613179087,0.0011919302376689751,0.020190073393826374
47247,0.0028657193714168696,0.31373734609655507,0.3242469762053018,0.0077342710767563348,0.00025798445685075108,0.0025104479668042285,0.34778695384606251,0.00052691006396694611,0.00033339091628547613
38035,0.017089116232834989,7.0892924350500603e-06,8.212706880315611e-06,0.00056235978363255892,3.3759279964621052e-06,0.97693861307855112,0.0033191867880761989,0.0014848719624838166,0.00058717422710920567
9950,4.7426852031464211e-05,0.29584713392362449,0.7019019239941644,0.00010948854877134524,0.00055789952052951244,0.00015048578687706568,0.00059059240049733996,0.00078733774614224135,7.7112273620923384e-06
24902,2.6915607123340871e-05,0.92373589673177592,0.073571743753768071,0.0024743832942532378,0.00013508354710701177,1.3114119257985621e-05,2.6567859738857605e-05,1.1031319784782393e-05,5.263767190731845e-06
25882,8.376707096023652e-05,0.32197486978392514,0.62278295326116495,0.016972061599506965,3.2086302807699682e-05,0.00035944749341739097,0.03763150794472464,0.00012879013145969119,3.4516412033319742e-05
27679,0.0009160199399563054,0.28450395304503412,0.053556368129225117,0.64886059300002552,0.00014202719833999306,0.0076456589719391477,0.002198068465546731,0.00065722176090674434,0.0015200894890260769
383,0.42728117347225225,0.0094076318675428653,0.0025275638594268921,0.0019863997909681727,0.003096608852561016,0.027295620278637345,0.029335422733356271,0.33026198524695322,0.16880759389830222
44571,0.16173753107680464,0.23445123658987055,0.027928215987776461,0.0038441034402578508,0.0050419121349127849,0.42411491822050768,0.081309532886937555,0.034707327936324084,0.026865221726608365
7979,0.00022128809048543657,0.81477670374179811,0.16461618184354318,0.014732362355345379,0.00014092161638534084,0.0016656942735712675,0.0017685201680389202,0.0014675276363803156,0.00061080027445220445
53428,0.008867535230295473,0.00037650789743608431,7.5988621644258075e-05,0.00011981635645965973,7.9124924418001426e-05,0.0023564738769028364,0.0022833465378789249,0.98154990409863541,0.0042913024563293739
28285,0.00038214328121305739,0.61611052790645471,0.18028646976765672,0.19122652048138419,0.0087196428591175216,0.0005178467946584511,0.0020165865596129839,0.00025849898135913877,0.00048176336854283174
4355,0.00021031579155909803,0.4908308337916017,0.34976973922627552,0.15431317301575048,0.00013777462863897227,0.00065678432421952188,0.0032647619960265305,0.0002416724730066674,0.00057494475292135545
30978,0.00019379312421217049,0.00084988839886302402,9.6075727999377677e-05,0.0064875564769684667,0.99187988467530075,0.0001080029152147275,0.00026501801721329422,3.5619522770719331e-05,8.4161141457430292e-05
57926,0.1622577597765037,0.091695113984881463,0.037547092544753503,0.03216727320303011,0.027452811003377507,0.046680207399020526,0.29751067811916893,0.21054444716025256,0.094144616809011719
17350,3.4758800846496291e-05,0.6414562946945187,0.32713272819777756,0.031150408992864458,9.5531726351435166e-05,3.9889633392390542e-05,6.453738161692851e-05,1.3482488410465424e-05,1.2368084221569562e-05
51609,0.0075191965213539805,0.0112949590166168,0.0057091576454497434,0.0019068261909979828,0.00050131802445316633,0.040151390337596772,0.0095793319672354722,0.90545554080057611,0.01788227949571998
61373,0.024320876055842718,4.3358980602972372e-05,2.7378303878876304e-05,1.6644272442528226e-05,1.2145397488234593e-05,0.0022904226517502556,1.2687334355566546e-05,0.00033079978339837064,0.97294568722024077
4181,0.00032016027256330341,0.89250685946429642,0.051296785492384728,0.04513301220235072,0.0070915701121776996,0.00090349667996474125,0.001414326670689594,0.00079552563169576216,0.00053826347387696575
53149,0.0070434201702291293,0.79173574722109008,0.082164689367792185,0.020379294045152797,0.0033896149909698105,0.0079543051579413129,0.072347001178893186,0.0056775824500973947,0.0093083454178339402
12861,4.7835092754994995e-05,0.46821262686350762,0.50748185079148278,0.0025641878497747318,0.00023193880166609801,0.0031829836866234568,0.0096800645641210419,0.0085694732787604377,2.9039071308684229e-05
7515,7.7214700500660892e-05,0.23971013650633402,0.7499842804632364,0.0022428252108713147,0.0021746927433848283,0.00058534641114510065,0.00035678775412934953,0.0047260582565149473,0.0001426579538833894
33328,0.00015672118662820553,0.0009023465674243131,0.00095544281757986549,0.0013410339879506739,6.7169134056347966e-05,0.99282337196879655,0.0022928308231759307,0.00089622831381983925,0.00056485520056826193
36461,1.4428405726556067e-05,1.2878583970689599e-05,1.279884919246889e-05,6.8538052780989947e-06,5.2768764924378119e-06,0.99412813514332599,0.00575276817175948,2.8060888069341917e-05,3.8799276184828241e-05
19024,0.00042228340045728113,0.23890145843477276,0.60219472247390304,0.1457865805782996,0.00062021291141781609,0.0011693898775714529,0.0094977465859057524,0.00065591847599749393,0.00075168726167456051
34693,2.789735638772366e-08,5.340291477507199e-08,5.1114216848825527e-08,3.0365033091521878e-08,1.5004510370741573e-08,0.999719611767656,0.00020145971159396596,5.1566876998452199e-05,2.7183859720085084e-05
13328,2.4820397206264058e-05,0.88452877572735367,0.097617449924433539,0.017352498958602216,2.1828563145487872e-05,2.5150281490173118e-05,0.00040798914068633654,8.8448192945289012e-06,1.2642187787871628e-05
31064,0.017411040473039926,0.19259618187291169,0.090578376866664714,0.060958245157537748,0.19978208798169983,0.16056983669597291,0.033238348556631318,0.17632374892317132,0.068542133472370412
38505,0.0053141860753981151,0.008325513185042788,0.0051053995872402782,0.0028366403132800222,0.00074404323195916694,0.93978995403785492,0.0095542953176886106,0.016945736177282376,0.011384232074253686
40578,0.29570795722430937,0.00030233508111069285,0.00023617723020441593,0.0025567795733310557,0.00022141532024160147,0.64505146317641193,0.033756202104124985,0.0085580966246174978,0.013609573665648292
15157,0.017981937533090242,0.46534670238878917,0.082202687242380237,0.0063640401757721317,0.0096080153593006493,0.16100421050203062,0.19991465314646176,0.017568982682648136,0.040008770969526979
54685,0.13638835198262897,0.1407545401087191,0.055835830164063155,0.031037756291027941,0.053941219576604624,0.048826797107702505,0.207272866721604,0.26949797030173644,0.056444667745913148
50094,0.0014911379010706563,9.6276121972206882e-05,4.6997004264570512e-05,2.2394631864790931e-05,1.9179086144270096e-06,0.057303999077009192,4.8348901131571203e-05,0.93981631353385497,0.0011726149202178045
16360,2.6227779106448764e-05,0.90950646787633882,0.075671027170003236,0.0018871765872255592,0.012621403426728602,5.5922758808785525e-05,0.00011066934052817241,5.4217235227881904e-05,6.6887826032437897e-05
20851,0.0018467900801219573,0.32716490514403168,0.44752293889370842,0.18263365888753874,0.002662381933057342,0.010193136841153708,0.025278574722546941,0.001874851787466991,0.00082276171037385108
14345,5.4152335826402879e-05,0.67436158461304074,0.2598048066464867,0.065397489362897979,9.6512901592489956e-05,8.5664055302047188e-05,0.00010131421749979626,5.6159742237748689e-05,4.2316125116500845e-05
15437,6.1807272245934441e-05,0.90469056404929427,0.056394567790497459,0.037696796474024463,9.6287839677705914e-05,0.00010938043569252629,0.00085223017328221317,3.8660681910686838e-05,5.9705283374669011e-05
28386,0.00030273317552263204,0.15606579522103853,0.35078313528011884,0.47470018530767688,1.5515731595384886e-05,0.0014915981345430733,0.016585080586339215,2.8841856071059781e-05,2.7114707094145505e-05
41821,0.057995718815998888,0.00034718799680252528,0.00018329099340307848,0.0081983359690883002,0.00014655622328382754,0.89524065240418871,0.016405120007674485,0.013566820262868581,0.007916317326691541
49310,0.00043061002277605258,7.9516749688698493e-05,8.3698439436265531e-05,5.5431069783688585e-05,4.5933568903630885e-05,0.01972544510079894,2.8939224950294075e-05,0.97889745180397481,0.00065297401968760361
38492,1.4585986447509667e-07,1.9157083342401823e-07,2.4904227298422184e-07,1.2519018167990775e-07,7.3241005363008045e-08,0.99955783309003543,9.9546873464634021e-05,5.8715081656766583e-05,0.00028312005068524369
47987,0.044355042864459952,0.05178233168126279,0.15432903976957321,0.0055446227547981501,0.0042132009176824451,0.045693402488823434,0.20269975487124076,0.27665593113568288,0.21472667351647631
47825,0.0083406557047758755,0.21745746416008291,0.15559946973130548,0.062763189354876056,0.0016952976432903129,0.025714402373136613,0.51887533208892878,0.0039567372381827367,0.0055974517054213748
58368,0.052975821384818371,0.0060110692602693139,0.0010637970209213322,0.0012214729145499285,0.030399209115875313,0.0057958800973320606,0.00021962048884259942,0.0029566925027698335,0.89935643721462144
61017,0.016335930353929828,1.7187011181212247e-05,9.485908775506753e-06,7.9282602690184134e-06,1.1238634374749918e-05,0.0030324867460086898,3.8584596955307582e-05,0.00011854752295369951,0.98042861096555212
33434,0.0038488122478421718,0.00015638470771514067,0.0005363353881810024,0.00031730570468819634,2.3721640541441386e-05,0.95678876904165311,0.0011197967766482866,0.023405953977092029,0.013802920515638487
25464,0.00015309300952000515,0.29158611237236365,0.68074431828188287,0.00022386685053535067,0.0074778957713271402,0.00047188437344670536,0.002003974837168025,0.017237200445921651,0.00010165405783472209
8194,1.1817270282827539e-05,0.69512738143561792,0.30134468044855911,0.0034459526051474794,4.9676254645599766e-06,5.3078763587116343e-06,5.6671604252609903e-05,1.7516343568352304e-06,1.4694999599880083e-06
29453,1.9645678489400453e-06,0.0013944788824444628,0.00014988166976893808,0.00055873543109594679,0.99784433188782751,3.7747218339815078e-06,3.3922320928887006e-05,8.1062527954005489e-06,4.8042654561227909e-06
1903,0.01289157861506938,0.47948818281361261,0.09462335570135709,0.009357137257943425,0.35043498654787281,0.0054958434198979569,0.006777289966580868,0.011116253689375745,0.029815371988290137
55063,0.00044489139296374867,0.00016887939127300505,0.00015663765614372903,4.5527393019000509e-05,4.4929874905677867e-06,0.038307261961358363,0.00011938701386567043,0.9570655392512516,0.003687382952634407
4038,0.36624274123022099,0.032457983882520476,0.01051920387276482,0.033932813699442912,0.0022325637697898039,0.21791498765196404,0.045316965761009305,0.059881066481281379,0.2315016736510061
14437,2.104577966699209e-05,0.95673354671910271,0.011141962744578611,0.031386232175129092,9.242111231019069e-06,0.00034948211764971324,0.00024898617322095481,3.8292982937615245e-05,7.1209196483302422e-05
43097,7.166224019673182e-09,7.0085939830465939e-09,7.0638781738514581e-09,6.6972758699458679e-09,2.4300828274674144e-09,0.99991792764327947,4.1679269303058252e-05,2.1038401223649574e-05,1.9324320138871884e-05
26998,0.0068492523303335332,0.00043931896841291351,6.5355609296136616e-05,0.026503066464563064,0.0072830328876081173,0.94667257501834068,0.0018489541059992234,0.0013359527576424926,0.0090024918578040115
25136,0.0015625774722057655,0.51097536355779705,0.19328983501782709,0.0015304936042571326,0.00021285205543337905,0.014245202623723158,0.023437155056038609,0.25359694265460281,0.0011495779581151724
55553,0.0018996263650684305,7.3969111315790593e-05,3.7869960672544064e-05,1.882803729299834e-05,2.8710089808134558e-06,0.043640221410682391,3.3553454260976818e-05,0.95292717941904903,0.0013658812326772069
592,0.42002104031145476,0.021954017596103406,0.0125343644916684,0.0080783890153053126,0.0041250922849955605,0.090618106140527177,0.020961490544871134,0.07073825252935334,0.35096924708572097
29884,0.028146013005051412,0.27933441907905326,0.060019104877531378,0.032918769009462702,0.47256935926198101,0.01504866619605948,0.087253334843462566,0.0067116591836899444,0.017998674543708203
125,0.00026889795523724438,0.70058788705794683,0.27813215869889246,0.011129319374742678,5.6683080786877675e-05,9.8887645474391876e-05,0.0096597751128737284,5.4282291651227203e-05,1.2108782394612373e-05
1079,0.90853679705332924,0.00010130439524731581,7.4525405699385459e-05,5.5031588209294581e-05,3.4616005767413662e-05,0.0028958104415198957,0.0076791106020559999,0.074296673229425098,0.0063261312787465324
46777,0.0072005212070524009,0.00077992409499706488,0.0018655890848625211,2.9497975840464843e-05,2.9348872185376829e-05,0.014783544434607814,0.97120373064509613,0.0026228685397070651,0.0014849751456511083
2772,4.9658807107546288e-05,0.7779465267090051,0.19267041928303208,0.027830868284169613,0.0010035369985211351,0.00019699653790170076,0.00015966372394442854,7.7247921147863228e-05,6.5081735170684023e-05
4932,3.7765041113034291e-05,0.92899272274589795,0.058934944060135788,0.011629643897644272,5.7682167175248987e-05,0.00017837439030160185,0.00012110586386622775,2.3215527350291897e-05,2.454630651566084e-05
29354,1.5957015503525209e-06,2.7818918924151785e-05,2.6217414008749978e-06,0.0021428080810331628,0.99781728008277082,7.9231074670898853e-07,4.8096444927545036e-06,7.162559807844008e-07,1.5572631004642538e-06
24443,0.00013712817598934658,0.58841987711265809,0.3734243416118358,0.027578512797846517,0.0075796253216793164,0.00024328393793683015,0.0022461893358035703,0.00026848000232195435,0.00010256170392886615
29643,0.00040326581079819777,0.0052023057793560137,0.00032499869283185808,0.0025895451868178901,0.99080347330754426,0.00010260341799187782,8.5475001014737777e-05,6.848853297570121e-05,0.00041984427066959801
5678,2.0573835052154423e-05,0.6241168454725724,0.34520059774942274,0.0069770043716383106,0.00039315492593836656,0.0038031777023446382,0.0015149274908068009,0.017909888501882118,6.3829950342432043e-05
56725,3.7153850372063896e-08,2.6349090804853882e-08,3.0049668755169671e-08,1.908564330381685e-08,1.4630137704277733e-08,6.4861191220052985e-08,7.363382156530584e-08,0.99987643748470678,0.0001232967518895178
7433,0.0004489681467052642,0.92989342725592283,0.053200434986701683,0.012181795247177446,0.00011600500813361897,0.0028823148911083377,0.00031924747394588448,0.00062867152062937818,0.00032913546967561403
46873,0.0098145126280699112,0.031969992524062962,0.022343800095609,0.0051815429583251067,0.0024920985220872392,0.21501676419126997,0.67879331145803612,0.021455993592894608,0.01293198402964515
30784,6.9529435853859726e-06,0.0068293846796767697,0.00053269298962355278,0.0043605119127627769,0.98821969201059867,1.6753397732844107e-05,1.2947237654768416e-05,1.0209876374397178e-05,1.085495199088565e-05
2871,2.1442491103749195e-05,0.95312495606496372,0.031560976024823134,0.013803163018470014,6.3045675496599727e-05,6.9891832143238863e-05,0.0012571416919081591,4.2377594727784318e-05,5.700560636343406e-05
12686,0.00061543320417172594,0.30788457888485515,0.53070420493562986,0.14381653989193052,0.00030519770679430873,0.00038594630004282248,0.01586006192598308,0.00024136059477520105,0.00018667655581721022
59147,0.28182598450574614,0.0015170565742178639,0.0013272663997619186,0.00062374415958651541,0.00016886513176930966,0.041690728330402993,0.0060862487799472394,0.012658044484757871,0.65410206163381024
11060,1.9844398107799261e-05,0.92226012759747933,0.072741762907354873,0.0048454455064530378,6.2598133932536556e-05,3.2962136074150632e-05,1.5462943495213122e-05,1.0146979506227156e-05,1.1649397596899468e-05
16819,0.00011679234419811337,0.93826444238793982,0.05583998758397786,0.0026442883165151113,0.00013319976514748549,7.5286462012578515e-05,0.0028642954519002882,2.5529571936596298e-05,3.6178116372265047e-05
12905,0.039564758310807684,0.47054454048004263,0.26745203093699088,0.040094895683525707,0.0051232993551032857,0.0090114847590915346,0.11683579925080853,0.025944147334599172,0.025429043889030375
31944,1.7542572678953207e-07,1.7693585605905775e-07,2.770036686008672e-07,1.0390482171772374e-07,7.4964090612358463e-08,0.99934917858751693,0.00022982768539970324,0.00040158482101716671,1.860067190253203e-05
42658,0.0016868221362075777,4.238480545331685e-07,5.1698790414454145e-07,0.00011762224632843891,6.8855736194940003e-07,0.99520680724392951,0.0001935612282934283,0.0020908471713912821,0.0007027105805290962
29583,1.626315813371081e-08,6.9774158435455804e-08,3.1431030580497449e-08,5.9674156061921198e-08,0.99999967020329072,3.0851080719823701e-08,3.8040912017561919e-08,3.6989696187230689e-08,4.6772517213936838e-08
47504,0.088414241772858643,0.37798091880202406,0.11963664429613285,0.028672849306503344,0.012227056394896397,0.027897920869336023,0.2876946650246382,0.038582259822175093,0.018893443711435521
14809,0.00010311102358029887,0.84296830290540603,0.1122531344401963,0.042260393261854198,0.00028176545447264291,0.00052904568777029548,0.0010524740435056868,0.00036571492492027259,0.00018605825829442357
43009,0.010899797390123126,7.3317359911041447e-06,4.4372939114018039e-06,0.0011430067023585925,1.5198584724351214e-05,0.98061017223568181,0.0043587298568363696,0.0025410782372938859,0.00042024796307924982
16305,0.00017125413850406455,0.56751858122254872,0.14974849501150844,0.27980964537357583,0.00031512514090357616,0.00047404332268614235,0.0016564387513345784,0.0001517049514029535,0.00015471208753552166
23810,4.7824886024658374e-05,0.3587511463882011,0.62333202535937859,0.0061237914613878463,0.0003014141066728058,0.00080454019492553954,0.0017342903839592826,0.0088139780333040072,9.0989186146384066e-05
58409,0.11812765782835283,0.0011089335557168179,0.00013541267936444936,0.00017491404580679258,0.00039260810115743553,0.0149327237998363,0.00085681235437178288,0.074218310831853262,0.79005262680354027
51860,0.016707213207454583,0.024884155154349708,0.013452493841288096,0.0038387721716255435,0.00090080612471372262,0.18262542107964724,0.024165627355207081,0.68367211129172789,0.049753399773986531
28776,7.2823774889173881e-05,0.037933752726295865,0.0018554611384083493,0.0088830206413608188,0.94945430953101972,0.00092307712796551157,0.0001909924742015705,0.00051626824479461303,0.00017029434106430056
11237,1.3922460447686909e-05,0.8140162854170464,0.16876625872084786,0.016786400249845193,1.963920924151355e-05,9.619398661223934e-05,0.00019700817223358539,7.9344287773687642e-05,2.4947495951545308e-05
32199,0.005511144272941971,0.0054115694918497473,0.0043377854910293581,0.0045561174112951257,0.00068557693010519428,0.93357141367667462,0.033099037438860356,0.0078622079613647963,0.0049651473258789805
52848,0.010712580682378802,0.015577518879331682,0.0082024532702069906,0.0025959659360495486,0.00071658285507327705,0.068023424264113549,0.013046041440914388,0.85769115463142231,0.023434278040509522
37765,0.0007629171655787264,1.1614745059632879e-07,9.9748027711130792e-08,0.00029288073839626175,1.0467592351027304e-07,0.99851964312860642,0.00010034568057480712,8.2323676418716955e-05,0.00024156903902335092
46098,0.016129500004829544,0.024078468989430241,0.015536907983110094,0.0038470688764871909,0.00094989226792730559,0.16865617419545137,0.02644905820925101,0.68347728082065862,0.060875648652854865
26619,0.00011852511440476246,0.5717329584801949,0.28421591599226881,0.1434316557435589,6.4876293817794876e-05,8.4734671430414758e-05,0.00023814817645854058,4.7240028617131371e-05,6.5945499248508846e-05
52536,0.0018927002645824354,3.1308022061025819e-06,2.560899794663889e-06,2.4639141451930267e-06,2.3724380718711599e-06,0.0020570125532360373,8.794473487662312e-05,0.99455452766723929,0.0013972867258478662
36784,0.28072255372604682,0.0073600706866023434,0.0034740506549070082,0.00076418250326238291,0.00083931396856489566,0.056344315394850457,0.0099791063207726356,0.41699971550412585,0.22351669124086759
31816,1.1050995893418594e-06,1.1422091300657415e-06,1.1732533339397785e-06,7.4561527751529508e-07,4.6817610809323839e-07,0.9982051211546038,0.0006091469170023667,0.0010674999727710674,0.00011359760218382517
50757,4.5181725232709496e-09,3.4564745611883258e-09,3.9237537992825393e-09,2.182437525347285e-09,1.6567493092502157e-09,7.403520068971526e-09,5.3039240920225962e-09,0.99992722497742847,7.2746577539610738e-05
17258,0.0016937087587335072,0.76220133418729408,0.14232475532951414,0.023087770912758748,0.00027619645204053552,0.001922682326574064,0.067684433591822871,0.00027455471383325936,0.00053456372742895957
15746,0.00015260450598504372,0.90118837972648913,0.065708197962367404,0.032082661931280121,5.7129066599720132e-05,0.00023917488506541547,0.00035122561553308445,8.5521514354523285e-05,0.00013510479232548971
53178,0.0013697274897554324,0.00029857112088207873,0.0017842350654611199,1.9140844026845098e-05,1.6786585772533091e-05,0.015247480322214114,0.037737000761235165,0.94235783225408032,0.0011692255565725893
61397,0.059868040583685542,0.0095394249300526247,0.0017823238820186137,0.0091582460881840331,0.0021754453182886596,0.064941031363582036,0.0017116155419488524,0.14835991765437564,0.70246395463786382
54499,0.055579883131017346,0.0098383326196947226,0.0039886506184538748,0.00036611327467354194,0.00023088970734382578,0.011514447304670617,0.014509687597043802,0.88373540807326856,0.020236587673833961
50270,5.3878653102676745e-05,7.819778715219836e-07,3.2579153027429791e-07,1.5190734686518931e-07,1.0994503045163046e-07,0.00046739323874194302,0.0003304446724325692,0.99907743122696124,6.9482586982328476e-05
17540,0.0014629623695913056,0.88621243415530093,0.081079082516392148,0.0029195462754374132,7.3848506410541351e-05,0.0034680405582512533,0.023836903127763549,0.00052791026967221222,0.00041927222118045724
15817,3.9818480184912229e-05,0.92222265450719265,0.076942041257912347,0.00060527480994592407,2.5977591996956805e-05,7.4311776905274909e-05,2.8521897648657903e-05,4.9480408955221982e-05,1.1919269257917848e-05
60536,0.033951094574255263,0.0043129919812919561,0.0023259824786850949,0.0013001220705654471,0.00017992899273572887,0.069311396153845808,0.0022823036010005725,0.0095819311648492837,0.87675424898277088
36310,0.00052558158335939639,2.4164418428483639e-05,2.1137951244096978e-05,3.0007045397729595e-05,4.4814426022929219e-06,0.93819456424891778,0.00031344448816621439,0.059282904724992633,0.0016037140968916
38175,0.00057842468101253122,1.8010888677928658e-06,5.8186387154421254e-07,0.00024496706933770915,4.0414453906714284e-07,0.99576305817578836,1.7848586644364931e-05,0.00025988998180370113,0.0031330244081350317
34731,0.35116196070473682,0.00080226419495063193,0.00018348552654631758,0.0017661248911040525,0.00033546821351466185,0.56252321477218403,0.0076575536874385506,0.015833714516898613,0.059736213492626512
56347,0.0047419511044322115,0.0075513317799940187,0.0048851571557837837,0.0013102850620566803,0.00041782018316386603,0.075006719532864821,0.03807524336625235,0.85725024789473636,0.010761243920715818
52015,0.0071065332302903675,0.010863590469968831,0.0054106562096020386,0.0018669635217734282,0.00047311428034588427,0.038310325336663231,0.0096373134775502838,0.90885656659543079,0.017474936878375067
47541,0.00022056887811114847,0.024916259404733628,0.083565477753397496,0.011442336383823672,0.00010000994019204919,0.0055456196497671029,0.86641917170569049,0.0028427764183117199,0.0049477798659725361
23276,0.00051651048670930727,0.27407410401868504,0.66166522357750612,0.056495928381165759,0.00032653977396809413,0.0021250174814140209,0.0035257912762591236,0.00088787669713666134,0.00038300830715591393
51938,3.2604931631447567e-05,4.9749598419114605e-07,4.8275676553139928e-07,4.3083810442448761e-07,3.428056602394269e-07,0.0010740884775756721,0.00037028840351144027,0.9984475614461864,7.3702844580539545e-05
617,0.81448613920852275,0.0023604044969689907,0.0021421489192799065,0.0015412457742478905,0.0012089420223582762,0.053199979901083265,0.020701817093164345,0.08032356526642645,0.024035757317948273
47316,0.13463380671886968,0.33607174812947133,0.30047054631918052,0.060568342689005045,0.0061874210586790905,0.012741631903206856,0.12890460036127965,0.015765234249416525,0.0046566685708912181
49934,0.00022010698566233972,4.9247425064181232e-05,3.0233179766376616e-05,3.5922324459794479e-06,2.2598948515422728e-06,0.0013008263687495959,0.00044202828316356748,0.9971708898153846,0.00078081581491190133
54505,0.016561157874977066,0.024656836177066151,0.013320895441511918,0.0038099347902086885,0.00089899600176494897,0.17855875973217486,0.023855412049467426,0.68930489454148491,0.049033113391344224
9977,2.4716336700494283e-05,0.61654339473871755,0.36531149168791893,0.0024287128864150867,0.0010567224181915688,0.0060565461120677174,0.0017006971683588468,0.0068172363454030733,6.0482306227021179e-05
42490,0.00031393189880380925,0.00095926130431215717,0.00077162339373553174,0.00045459299058888086,1.850633804432024e-05,0.98579657073697891,0.0088431867406076944,0.0022872985507105146,0.00055502804621819588
17632,5.0200669125149339e-05,0.70170440840417003,0.22517074970947634,0.072595467859921534,5.7640134301242535e-05,0.00011782538868568186,0.00017493032405928847,9.3301162927213367e-05,3.5476347333646339e-05
38244,3.7914312711548007e-08,5.2419155089353328e-08,6.1127690403632551e-08,3.2336481116382139e-08,1.7286639277668672e-08,0.99972377208014374,0.00019286953605901773,6.4859885139519551e-05,1.8297414379105808e-05
33740,0.005006175252842528,0.0070608202987457128,0.0043005310413457539,0.0026024368204815383,0.00064417475329896494,0.94693464253384363,0.0085430331465080212,0.014779409936865048,0.01012877621606879
53125,0.3584806785884489,0.037038276700805575,0.0045385164822138533,0.0060827637209751534,0.0070535430704172569,0.048005598430717861,0.076910790324215494,0.37321026266400181,0.088679570018203965
48914,0.010307255879243919,0.015208459728589641,0.0079803417531647027,0.0025109820186212414,0.00068533818655247374,0.059823251938698807,0.0125619348341173,0.86806212905157587,0.022860306609436113
59172,0.018925753223086261,0.00010142796124511514,0.00013101519253762276,0.00010254707929669224,1.6309626404854944e-05,0.01654062823774002,0.00013248058547262018,0.0030926142720182903,0.9609572238221985
1023,0.74252765684681077,0.00055950225496203404,0.00038673400056442737,0.00029951179141293299,0.00027474924456906289,0.055903902098117408,0.0050277505993967363,0.037595225984141029,0.15742496718002569
56886,0.0096030895294281753,0.0013879083202278447,0.00050849045503569782,0.0012423700250421132,0.00068364596784122728,0.0077782204859794951,0.0033608822748786116,0.84424995874126818,0.1311854342002986
31566,0.0059185010411763172,0.016269661894246099,0.0096791212448479966,0.0057121236640365414,0.0014069863065645765,0.83402496732032894,0.075050021760908803,0.040439505846698268,0.011499110921192613
22351,2.5955512167446042e-05,0.94675979532346932,0.049691760968683822,0.00030136816419461997,0.0014979967357071865,0.000223601988061736,0.0012953905955076228,0.00015942193148309856,4.470878072511877e-05
33292,0.002447643505504654,1.1787984623318825e-06,9.2921812459842478e-07,3.0782338269042196e-05,4.9033467338709203e-07,0.99306150367020318,0.0039959969683296794,0.00016515351257342023,0.00029632165385960974
30351,5.968328497370878e-08,2.3599179021412947e-07,1.166360574065982e-07,2.0506258696676587e-07,0.99999904411769336,6.701052631951952e-08,1.1354755058622614e-07,7.0339946144331088e-08,8.761056404096333e-08
60173,0.013767852947620658,0.015579471441297682,0.0072678014581865286,0.0035778814237900983,0.0018902491462049506,0.085358669224518749,0.0092893265443101183,0.065382185756146918,0.79788656205792441
33200,0.0077116190369851305,0.0012887637332602464,0.0013266152611654126,0.0039396651202530455,0.00026199005373683066,0.87105846700045497,0.080069668568368835,0.0022962750940725253,0.032046936131703271
51514,0.00074656797711048959,2.8016493272899829e-05,1.1568714498647296e-05,3.6946391239656871e-05,1.3462204432387538e-05,0.045171896200478651,2.1964526097937453e-05,0.94443522104184119,0.0095343564510280924
33311,0.013414544661361905,0.00038878601531804551,0.00083114646615533401,0.00017361798961803817,5.2811916057125805e-05,0.88112760460985995,0.099668088483840622,0.0029468101515213977,0.0013965897062676721
22463,0.0012865617476234884,0.38117232651090072,0.36635925881661741,0.21971281171678364,0.0022844253261868046,0.0051805063670117227,0.020922413153990432,0.0017747996838753549,0.0013068966770103867
46655,3.4215764896696624e-05,0.0018401147348343942,0.0045297995993022989,0.0051184286217538597,5.8195467993305114e-06,0.0022987435655429647,0.98581911442891579,0.00022302481463492909,0.00013073892331968878
26350,0.00031051484741563513,0.26314634482358895,0.36758472155100302,0.30951152594652492,1.4566330926957511e-05,0.00061346514658182892,0.058773312567655965,1.8549650790652469e-05,2.6999135512038941e-05
52446,0.0010955037586919917,0.00045374945271666362,0.00016633054556572049,0.0002550420670773211,0.00014040628797113431,0.0019729533207793791,0.0014979339248616585,0.99359826461630607,0.00081981602603010593
11373,4.4472011304155891e-05,0.71663725916615961,0.22138817684801251,0.060945658786322882,3.9574628845082097e-05,0.00030362364899677786,0.00043573093102612566,0.00015205933659079925,5.3444642741980128e-05
1650,0.92838566785696597,0.00059117876256814224,0.00028498823443158397,5.2474702380205077e-05,1.5518580243680594e-05,0.0027031152989196519,0.0028799812154808244,0.062443169529445508,0.002643905819564358
46471,0.0018747733804023235,0.0031095184931550449,0.0094431983955407823,0.00093665418448781021,0.00015277005225221047,0.0023598990691560107,0.98161575260037093,0.00047859559795545718,2.8838226679518483e-05
40106,0.00095183344112157581,2.6011467745789005e-06,1.8673017366251711e-06,4.2220223817471866e-05,1.0046990541133314e-06,0.99535461275790693,0.00096950590941609826,0.00085206665581057128,0.0018242878643617631
11148,0.00073040476730818881,0.78844612011589288,0.12574525790981206,0.073520627595876062,0.0032284618811122528,0.0012553712796841093,0.0044216244906366301,0.0017217471322077212,0.00093038482747026009
7399,2.0780754660857227e-05,0.69005076257864084,0.20908145032095499,0.100616023219999,2.1055589280601035e-05,1.6199524707128843e-05,0.00018799559024065796,2.3141908757030643e-06,3.4182306401624862e-06
34719,0.005795509393889408,1.3957755215579142e-06,1.4970081903345957e-06,0.00046694587210340807,8.7886640838678751e-07,0.9881110776664771,0.0049299037117460321,0.00056948937651883288,0.00012330232914507759
23069,0.014609702966162126,0.20756595772875985,0.71908872211385133,0.03802203913029667,0.00019694744934408478,0.0022915579070312314,0.017010988422707884,0.00095998494581994948,0.0002540993360268269
34889,0.0011705985855989635,2.7685220598484272e-07,2.772111261969766e-07,4.9974485746592959e-05,2.062576557535679e-07,0.99529856319499843,1.0100257412648714e-05,4.4460230330202005e-05,0.0034255429249253995
18520,1.2779989718207516e-05,0.53518608618536601,0.46219109026936772,0.0024063790026341509,9.127816252892111e-05,1.8411525807556573e-05,8.3792298043608822e-05,7.2306748464221219e-06,2.9518916870918765e-06
24014,4.1462646025135802e-05,0.60481719713420257,0.38704841264822382,0.0077555706681617783,4.0712780733106223e-05,1.4848999871401013e-05,0.00023846538297512914,3.4859792171956449e-05,8.4699476351637273e-06
23847,6.4122310052297361e-05,0.6376740409252698,0.30627718931640652,0.055605455721434341,6.0351888792822365e-05,0.00011423451815435039,8.492567733977985e-05,6.6662580425092124e-05,5.30170621253677e-05
15768,7.1968792608409325e-05,0.84964975118319319,0.11828501687013361,0.028857167707966255,0.0013214383946737014,0.00011491360784609755,0.0014424371602553736,7.5625467672073046e-05,0.00018168081565147484
15155,0.00013462877550869486,0.35374215216055116,0.50278333027958189,0.11658146851572534,1.5123383728453749e-05,0.00019987562363242881,0.026487444123467669,2.6147979319021899e-05,2.982915848559578e-05
23316,0.00016942527040946819,0.58687580083820312,0.39772043637580928,0.011491648139631213,0.00010953986073718412,0.00093603997735408259,0.002307196680348947,0.00023530737408399089,0.000154605483422738
12195,0.00027410793323080242,0.40324790323687865,0.34772614866146045,0.2442740091151748,5.3360266620745376e-05,0.00058764408633612446,0.0029945055132002026,0.00015850347372584186,0.00068381771337226911
4728,0.00010922634980270961,0.91438952006389029,0.080038071173545278,0.0045796392951326682,0.00039430285610017119,0.00015919743973401187,0.00019469024563659228,4.5610931678911827e-05,8.9741644479302994e-05
33058,0.10553158792341975,0.03499598231060614,0.0021177790774802906,0.014593823714850351,0.00039502271322106367,0.74414476241995819,0.0038317868710441637,0.0083161484027691572,0.086073106566650751
55314,0.013184646007867359,0.014639077418538416,0.0075917574243809542,0.0023985430259453639,0.00061681496806416055,0.064052367205715013,0.016320591288811692,0.85708196219003796,0.02411424047063912
22980,1.0484315236137226e-05,0.374413150303394,0.61908097505673831,0.0012792875742946696,0.0011289085463463847,0.00071233722036258143,0.0015479086486485649,0.0017899925067141713,3.6955828265328652e-05
49560,1.9571858002604665e-08,1.0516688640080056e-08,1.0060821606031526e-08,6.0210888659045002e-09,5.713692742487944e-09,1.4295018152532083e-08,3.1239580708059357e-08,0.99999046339253139,9.4391887199569613e-06
55934,0.010216736666374944,0.014843895486058165,0.0078138977068860204,0.0024765551710010541,0.00069082741702929974,0.058551405866130814,0.01215782083546486,0.87066701050563777,0.022581850345417355
42244,0.0020831341054977546,0.00014619124986936998,0.00012362973973552538,0.00034321150768377474,2.3857693385705907e-05,0.98489373793940893,0.0014314530493657589,0.0049194514635449256,0.0060353332515082026
29879,0.012959452746338555,0.024280090946079788,0.0082566578729650897,0.02702213647168487,0.85611764770339849,0.017588284103395111,0.040311657077885185,0.0082697557987327936,0.0051943172795199961
472,0.31908193887530012,0.036371602289391791,0.0078584542669121443,0.0057083516385609875,0.0020363627394005966,0.19813838024865765,0.34847953681597771,0.030353332122711282,0.051972041003087728
55333,0.011715197356397066,0.017131171424640924,0.0090762930401521828,0.0028131241649192438,0.00076369498534656019,0.081391807347225106,0.014511151310150135,0.83484761872577984,0.027749941645389124
19493,0.00049087142449788935,0.59501043012987964,0.34358473171474113,0.037304104271653073,0.00059336072682464769,0.0012621609702776072,0.020787620878421106,0.00071790558936622132,0.0002488142943386764
22707,0.00010735254644759731,0.36322191506388013,0.61503646343500751,0.020714583981516224,5.072603941163427e-05,0.00026903793029308298,0.00036680946360628791,0.00017842773821555421,5.4683801621968788e-05
42787,0.0021329688780099515,0.0022859446661161343,0.0014791515623008573,0.001004624862638169,0.00014950337751758753,0.97189232566554773,0.0040444895992402035,0.012071383686376731,0.0049396077022525811
45362,2.2238142814261205e-07,1.4924908996833214e-07,2.1756403587504745e-07,1.3658131170503207e-07,7.548041711508797e-08,0.99951759532084394,0.00010009435924001612,0.00019929076360240749,0.0001822183000309657
36886,0.0113901236485951,0.01884598371779047,0.01107225244964625,0.00414019879739489,0.0010353875196088312,0.75904466110547653,0.02144047535932327,0.13959091847968466,0.033439998922480056
53842,0.027658065731594038,0.13947411986612313,0.068032363733991505,0.022205367405683914,0.0027624410177773309,0.03517612451285651,0.015926608073748166,0.63538790563508807,0.053377004023137414
58121,0.067134405042603179,0.12613773628530958,0.061910523507616722,0.026285862835705952,0.024876697812949138,0.12855345064855264,0.37385821557152343,0.13183642792391267,0.059406680371826844
41858,6.0964971076438322e-08,5.478478958615961e-08,9.906670244748756e-08,4.1684985456207145e-08,2.1816359774332672e-08,0.99987262435679292,4.2445777303718906e-05,2.7259809607998844e-05,5.7391738486853734e-05
3632,0.00010263316847935444,0.81961419374710476,0.158690702032074,0.0031491457438016339,0.016899558127119543,0.00038832807377433165,0.00090373713715803032,0.00013904931119543604,0.0001126526592927399
4203,6.1396725013706522e-06,0.35725109203694666,0.63742479048232537,0.0016632841820128279,0.0010835392261453448,0.00052111902102595236,0.00046608060622664946,0.0015537980763942873,3.0156696421428406e-05
2266,0.0033929617400261618,0.81065959646417896,0.11105325046038288,0.036041359317904344,0.00039407879841595099,0.016319528229150525,0.015774369728140124,0.0046071092270195532,0.0017577460347813505
11823,0.0016680712524371098,0.88454463335225086,0.085269806534902695,0.0049959274249337052,0.00087190291088673868,0.015937310777221367,0.0031194876947451943,0.0015779554911943246,0.002014904561428158
26076,4.40296254591886e-05,0.75135119059745226,0.23722637816878209,0.011130679791519256,5.6094753794837735e-05,6.3890918802889701e-05,9.0636418633671515e-05,2.0984368701165076e-05,1.6115356854465049e-05
59075,0.0069361811779262029,0.0002088778112318094,0.00046012500119760736,0.00099122791005216895,4.0520787202261006e-06,0.018730691298727679,3.3250550596021943e-05,0.00042129521038046687,0.97221429896116773
42129,0.001369725523609057,0.31352704628272116,0.085313977020980536,0.058961222100535865,0.0014094053877663517,0.50345234855123799,0.017628241020264654,0.017185829124556844,0.0011522049883275934
33957,0.007304737051654602,3.730222001124514e-05,1.864356711378869e-05,0.0052345523833577899,2.0735207805091776e-05,0.9837526395010826,0.00075280585202435986,0.00086989247282023602,0.0020086917441302777
