id,Class_1,Class_2,Class_3,Class_4,Class_5,Class_6,Class_7,Class_8,Class_9
47484,0.14447556195701658,0.25530145375250279,0.079729966531885757,0.012255425612748786,0.009520226561384286,0.069133100999835911,0.1877491083165552,0.12784905936323124,0.11398609690483949
30908,3.5539124239743535e-10,1.1882634528970606e-09,5.7348032905269838e-10,1.4666658892540702e-09,0.99999991580290515,1.5863057862541485e-08,1.9029709793485757e-08,1.933596245764483e-08,2.6384563822557547e-08
49031,4.0212599011871662e-07,1.1533673932399152e-07,8.9688664164476648e-08,9.5818982768242929e-08,4.8887101685197478e-08,1.5279439642142009e-07,1.5851040980927742e-07,0.99999774324722268,1.1935904930100007e-06
35190,0.0014454484178220192,1.8939849197105395e-05,1.1438928094077161e-05,6.2260427561126036e-06,3.396505119914824e-06,0.97738610988821406,0.00077834129773182085,0.0065444347419059109,0.013805664329158935
51849,0.016963365853291518,0.0002212158220143248,0.00017719777899071184,0.00031221235406349816,9.9214293130249839e-05,0.01174198745483057,0.00023989825039166966,0.7079303997439752,0.26231450844931209
38821,5.7073532280232461e-08,1.266133315810338e-08,1.0253226516430173e-08,3.6764495544744133e-08,8.0522484512966111e-09,0.99984732400076359,4.8443177723594417e-05,8.8309448818083052e-05,1.579856785870756e-05
11287,0.011939147882348934,0.63883805108716796,0.17181294307464159,0.092959426660658498,0.0016715605591365408,0.019244376126690256,0.015949564984730196,0.010450954897555308,0.037133974727070786
33962,0.0087090821164770172,0.018232368116708305,0.0075369126053978922,0.0010104377871581521,0.00029013410498626214,0.77605705429106486,0.13507216277216214,0.051112674023698706,0.0019791741823464242
61123,0.0093361125723075283,2.7465951450129836e-05,2.2465426951488659e-05,2.6603428430043062e-05,1.0762622094613285e-05,0.019856986620304475,0.00012772492135437592,0.071069189762973509,0.89952268869413421
19849,0.0013498691765457872,0.39479344911131647,0.42551650133749225,0.17000402629807812,0.0017074129773120758,0.0018036194965746089,0.0022595188643103835,0.0014028416306788585,0.0011627611076914105
59924,0.0020203259502326897,4.8336511159996037e-05,1.0101189226429534e-05,1.4879155550723917e-05,3.864237555705964e-06,0.0051534536436606921,5.2103039338432659e-06,0.00021941809694815372,0.99252441091173182
19390,3.5873160362680471e-05,0.35756390584280501,0.64050875594176115,0.00025060588936621326,0.00017702226755336061,0.00027509758359511605,0.00093406176380096911,0.00024729277062163576,7.3847801338310357e-06
54569,4.2190200394032475e-09,1.5056321156657366e-09,1.3890274128773219e-09,1.0623747863706456e-09,8.313515385960262e-10,2.8529362780565092e-09,2.1812497800532075e-09,0.99999510538397784,4.8805744301817429e-06
12999,0.012525543789094783,0.60190232652754005,0.16663464474945242,0.060542149807656383,0.0036873462834389054,0.02223149359028264,0.099654812630930692,0.0073821843904888201,0.025439498231115479
47247,0.0011126139143193489,0.23160989707297794,0.42910192039771056,0.034601856760199452,0.00053564938769410492,0.0026141263853758081,0.29886053561549952,0.00082121230025152512,0.00074218816597164568
38035,0.012613164272678381,0.00038261037008845519,0.00024303250846165729,0.0029584792955024974,5.1793107100741386e-05,0.95786220256039489,0.014952894242955513,0.0091931499100572685,0.0017426737327608003
9950,5.9623672936511468e-05,0.35217276697374139,0.64272611377792754,0.00034838915985511314,0.00048230175965470468,0.00055875318065637901,0.0025073239099533602,0.0011399017619867875,4.8258032877897085e-06
24902,0.00020005897519394667,0.81900088874896793,0.16146658443507833,0.015519843010255382,0.0026452919871718097,0.00016114117494547185,0.00053013652853152579,0.00022627887694306922,0.0002497762629122722
25882,0.00088770563354016914,0.18869506679119127,0.71441128282883326,0.062074898159567592,0.00057129090682714952,0.0010371857768016535,0.030622369318698082,0.0010942535638408962,0.0006059470206996716
27679,0.0023800918930235054,0.30877930044568391,0.078802419694024031,0.58026113159193915,0.00060098432950801261,0.014599916035859797,0.0082089412723889976,0.0025671556055435973,0.0038000591320292384
383,0.28588894766742712,0.029738253671856094,0.0075816336442646451,0.0038290841580552494,0.0039832525631692973,0.084606413674656405,0.041353430692814379,0.34710844423796472,0.19591053968979194
44571,0.11960596639696557,0.398716512521818,0.05993075359846823,0.0046569075556796577,0.0036106760772631084,0.20591743198863,0.093067268767155376,0.067624127399412412,0.046870355694607568
7979,1.9323495855945205e-06,0.84803497110114967,0.14794361902854664,0.00399102125516799,1.8577944136208194e-05,4.8451538077241535e-06,3.214038891897618e-06,7.514084339464922e-07,1.067720280430013e-06
53428,0.023305136860498177,0.0057987097127309775,0.0030351793597200626,0.00090235848143828661,0.0012067732625604282,0.020167637196659028,0.010378359705930351,0.90939201513741585,0.025813830283046606
28285,0.0012657005530610286,0.5896024902353737,0.23420350567651058,0.14391723517987917,0.0186877139526717,0.0022997270664655216,0.0074795869464469129,0.0010991774562597899,0.0014448629333314617
4355,0.001457997460406467,0.55110242519215558,0.18735190298433435,0.23579855748525386,0.0019559367306117353,0.0040995432990643937,0.013580021873284621,0.0023727935761716163,0.0022808213987173128
30978,0.0059364137547229315,0.097237042297187673,0.01271404383388304,0.039197332567306752,0.82088185129055946,0.0095683019618515684,0.0066560513913513277,0.0043791086541018903,0.0034298542490356567
57926,0.14616086137731898,0.16004346877476772,0.064242843814601505,0.048678841638615286,0.018069154729645702,0.10014237170843829,0.13704159865126295,0.23125650091633321,0.094364358389016287
17350,7.5465534718826465e-05,0.70896553376749372,0.24439760499020158,0.045162913105238706,0.00098934523173264412,6.9767464199727795e-05,0.00022652450537114199,5.0198293239768374e-05,6.2647107804009018e-05
51609,9.7110829515781698e-08,4.1141305967826555e-08,3.6311782259695826e-08,2.6408810467816989e-08,2.0620281983324888e-08,6.8690761680532418e-08,1.4276158890767906e-07,0.99999908621489375,4.807397454210555e-07
61373,0.049242165595998012,0.00016258046928966565,0.00013258825616877643,3.9264610309841099e-05,3.5469277410057506e-05,0.00419251719444749,7.0500409040035491e-05,0.0012958962830665966,0.94482901790426954
4181,0.0046755588165155607,0.74603025716094651,0.12200469115180462,0.081612426787305681,0.017758585480980953,0.0073580485659094754,0.0089187056257921636,0.0067651243674918971,0.0048766020432530885
53149,0.021704450322465246,0.63706466490606684,0.14981399582987251,0.045555617906197665,0.0059981749941813182,0.026230424226404286,0.07868910254658637,0.015693432377347952,0.019250136890877779
12861,7.2103458847824723e-05,0.47507486910965668,0.50965574965769245,0.0011923205780894719,0.0014135950224823651,0.0014235477393031422,0.0061274090576601513,0.0050273630139709546,1.3042362297053816e-05
7515,3.4249452483887737e-05,0.35171851095652507,0.62932936754503765,2.0477382902530748e-05,0.00078252925374289607,0.00010205081071079452,0.000136106203402871,0.017869627481056586,7.0809141376488511e-06
33328,0.002471720744330724,0.0059784918659183872,0.0038072221006420601,0.0043287752952627864,0.00047178688168989598,0.9618316107975553,0.010976014454565105,0.006521758939301377,0.0036126189207342646
36461,2.8832575783498449e-07,1.8561656125569297e-07,1.7288865470948093e-07,1.1629805642541174e-07,8.97636555376413e-08,0.9991985105049106,0.00074253413530397808,3.0747595983884547e-05,2.7354871115849183e-05
19024,0.00078249898906332838,0.47002193772788126,0.41409606179088271,0.10967739314126136,0.00090943420824928715,0.0011295670519865398,0.0016329776636583352,0.0007020629818865799,0.0010480664451305423
34693,9.5834153406374169e-05,0.00029927378944437697,0.00022361995338234157,0.00015747049640865346,2.3817164361073545e-05,0.99657032700471604,0.0016786180222624616,0.00064520572439825973,0.00030583369162055221
13328,0.00015230757346122039,0.87055013133729675,0.097957845922689094,0.030226411320473337,0.00019897894470904972,0.00020677447066242959,0.0003544246453336473,0.0001395379019126584,0.00021358788346180588
31064,2.3546011707512401e-12,1.0372872407057151e-11,7.1840024828794381e-12,1.1396441838343153e-11,0.99999991852214942,1.6407229436163608e-08,1.7957064273715849e-08,2.1202276180703708e-08,2.5879972774050886e-08
38505,5.1893802756012055e-07,1.2404087698960251e-06,8.0315977939506738e-07,1.0950513710786299e-06,3.5235727559491679e-07,0.99869500654573828,0.00011086300892066964,0.00082055899863061493,0.00036956153148691244
40578,0.14679727574392032,0.0020826130042109186,0.00095373521107620137,0.0077835920230612124,0.00051097768780289702,0.73729380103376352,0.050537364649440961,0.024557383035129526,0.029483257611594735
15157,0.028830606804603257,0.4490866483876032,0.12282589753338717,0.012243132709166528,0.0085330654883094149,0.16347173969885109,0.11668645907695646,0.041406387012484079,0.056916063288638755
54685,0.10086527984238661,0.25254921378689976,0.107953891508602,0.068120258372361048,0.038654858584998897,0.086038858280522948,0.10200614945247177,0.19284186528600511,0.050969624885751741
50094,0.00076944984533152251,3.1106491676019538e-06,2.1372937821676722e-06,1.342085829204616e-06,7.7438092685447074e-07,0.010061087189348703,2.87266710993037e-06,0.98770529153063746,0.0014539343578664778
16360,6.6863678287823938e-05,0.75217156320362699,0.21200436548234144,0.012031683238732972,0.022860471337702651,0.00014844761872961573,0.00035533624493513352,0.00019375496609710179,0.00016751422954622611
20851,0.0072713779527362032,0.46064404932150316,0.27400353273280692,0.16537850716879096,0.006248000606648884,0.033040999394721077,0.040231996066104933,0.0088432864615884642,0.0043382502950993296
14345,2.4702593106261527e-05,0.67228241424805057,0.20988000183980307,0.11757404311844341,0.00013819072838652834,2.673788165405268e-05,4.7656774121998301e-05,1.3329671989702284e-05,1.2923144444368468e-05
15437,0.00013540942493678169,0.79886288890733137,0.14403524656530897,0.051152613245667715,0.00064096402995607663,0.0005439095597654938,0.0043305027322758337,0.00011805609123122331,0.00018040944352641826
28386,0.0014554871263361003,0.17756575189675319,0.32967725027608419,0.41613059017700765,0.00059750307724394853,0.0053612037791898057,0.067758272928987159,0.00075551537521083127,0.00069842536318707061
41821,0.084813732610587431,0.0032230220565239152,0.0016876611084891808,0.028148804553653962,0.00048437257590122032,0.75612939318201122,0.039901077951491649,0.055074438642574698,0.030537497318767013
49310,3.7082720040736015e-05,4.5376758684356863e-07,5.9830383235019654e-07,2.4999916847179723e-07,2.1516698306269854e-07,0.00076671344242284166,5.3496327060722623e-06,0.99882667068643105,0.00036266628082866922
38492,1.9947546817421624e-08,1.540521648970833e-08,1.6805808874056855e-08,1.1623271249607909e-08,6.9952787464177788e-09,0.99977096957003242,3.1644909386315125e-06,0.00018929365751995151,3.6501504386864003e-05
47987,0.074358989883983609,0.050315816360812421,0.1651771791402353,0.011130173407596838,0.010198623057598936,0.061513845619656123,0.28886451340344815,0.24367499636237311,0.0947658627642953
47825,0.013420267990839957,0.39610782684920037,0.18638205004909761,0.1098209570702105,0.0037502955267287022,0.053004857789402594,0.21605536852353965,0.012994346047747133,0.0084640301532335014
58368,0.1207073701471832,0.049604793612987703,0.020411451471005454,0.0064483122056310455,0.072762545899730968,0.035482082209156593,0.0055785858079972954,0.017226748408986081,0.67177811023732181
61017,0.060889280364682871,0.00024938802714421452,7.2753764782488491e-05,4.0614614520088971e-05,6.706092926277949e-05,0.016820478816932282,0.00024649239499503723,0.0019715761130444766,0.91964235497463587
33434,0.022811824420926614,0.00056666567470501706,0.001088932997217988,0.00079017291791184702,0.00014406501210391981,0.82800873838918432,0.0049101932251167258,0.12507836926666541,0.016601038096168187
25464,0.00027111993168134379,0.41868252656701671,0.5355007640294851,0.0011263059117164775,0.0055356096462459209,0.0020102516085157285,0.0091234250667837479,0.027670163286327334,7.9833952228101674e-05
8194,1.8724906266626189e-05,0.69651678714798282,0.29485261319000222,0.008574817137000347,1.4920738510869572e-05,4.9589426000825607e-06,1.4265041975196322e-05,1.4748776638771679e-06,1.4380179982406589e-06
29453,0.0019459267692377069,0.16446831856223104,0.02957281250605048,0.0096363706233753618,0.78667962927681412,0.001368180969332101,0.0035002032627243738,0.002057826165782501,0.00077073186445204996
1903,0.0094400304997338223,0.70729611640158574,0.12231002410870551,0.0058687571873595103,0.1160940298591485,0.0043424902004284924,0.0051124372965624457,0.0096766436452110274,0.019859470801264819
55063,0.00078770097889228007,2.2278965071526824e-06,1.8878901164417589e-06,1.3866014848879252e-06,1.1792695234769568e-06,0.0035954459453598833,4.6724269090898605e-06,0.99296624632226949,0.0026392526689373217
4038,0.21906645149038931,0.082035185252597453,0.021622538892153972,0.024963937888223892,0.00072274048397702407,0.2709676276659877,0.043821864175966202,0.028847754726014453,0.30795189942468998
14437,0.00041454590635822968,0.87466434197603216,0.054673818373988881,0.066128413994631596,0.0003914767510233824,0.0011845293984831331,0.0012977212151455194,0.00048228296575736958,0.00076286941857967667
43097,3.4928728671018771e-07,3.2426667692620198e-07,2.4350881479296591e-07,2.334039601228237e-07,9.0398102767936057e-08,0.99926096956647403,0.00023939178169335253,0.00029985895363938574,0.00019853883335191954
26998,0.016792465844346658,0.011324804378747796,0.0040751843066555628,0.042555307453965345,0.082782771426527152,0.79918979526664968,0.011727156981187431,0.0086971210803340176,0.022855393261586272
25136,0.00053884015462526155,0.54585627810620463,0.37817842022549319,0.00048270897691527094,0.00045036117645944784,0.0010442450735535522,0.009211565347415733,0.063806477934378075,0.00043110300495485739
55553,0.00049278830050916884,2.3121097110462324e-06,1.5850504343597375e-06,1.0935875150699856e-06,7.0629321847781222e-07,0.0032676923178864498,7.2605078925582121e-06,0.995276245573533,0.00095031625929978107
592,0.044616118545411247,0.00016302893003705194,8.2229088793007359e-05,6.6552930513382922e-05,4.0053053197899317e-05,0.01530618118107778,0.0010125944391171161,0.00056612287674461231,0.93814711895510794
29884,0.04233578305221615,0.46372560109904309,0.1412068983405515,0.058808358733243984,0.099733243018949896,0.043040791426055734,0.091803662913841025,0.026863345014758531,0.032482316401339931
125,0.00026589943971297122,0.6398913215222779,0.32608111697567899,0.023114532329416102,0.00066514381939051929,0.00057933429635267464,0.0089870943658407251,0.00032313501921220637,9.2422232117734231e-05
1079,0.84833054783789852,0.00043751039875255057,0.00040844415378216305,0.00027347333612277755,0.00027351293392534939,0.006297978827526458,0.0080531412183463165,0.11172254912013516,0.024202842173510718
46777,0.023093760831011983,0.0071869151941850139,0.0059545899901997492,0.00067154265073762884,0.00072790308037282896,0.078028744892434609,0.85352641765944115,0.023818101041005534,0.006992024660611597
2772,0.00080974953611839178,0.72448492119894958,0.22391464229517666,0.038437627303263999,0.0059680379165238887,0.0022593036857003982,0.0020722868020002076,0.0011382750031279222,0.00091515625913909547
4932,1.8488378234496742e-05,0.84446285141754518,0.1287253347702878,0.026411513625897921,0.00019695912556926746,7.2325319572147305e-05,7.942148588509336e-05,1.083895638664907e-05,2.2266920621692967e-05
29354,0.00045673798477325895,0.03926567668025515,0.0038309471570646195,0.009946814259754317,0.94486098481485103,0.00037667169665508889,0.00058160124228197546,0.00045084047562670088,0.00022972568873775819
24443,0.0016409096923350106,0.66287646070835571,0.23820301357403736,0.068411531686492347,0.013048612823936106,0.0023954545536357592,0.009815408735257972,0.0023143691867426879,0.0012942390392070037
29643,0.010277244772622431,0.29900172965541938,0.028476872163612311,0.020679387673403434,0.61031963593805394,0.0081857593769158413,0.005347137617819824,0.0068969009150079627,0.010815331887145186
5678,3.0346350508408309e-05,0.48354179070576803,0.50891839824842144,0.00075976201599675338,0.0012784833359157329,0.00057263962904666762,0.0012256014007552038,0.0036638836628063247,9.0946507814098805e-06
56725,5.2897903151529956e-06,1.8956087328492696e-07,2.2484602538766055e-07,1.2659285097954245e-07,1.834093587429723e-07,0.00053611074225946571,0.00016953908820374717,0.99923672321890666,5.1612751206590422e-05
7433,0.0018634443291414816,0.83543700317426073,0.13029396999332865,0.013423521639113953,0.0016247941644772588,0.010207268417270259,0.002821565857146934,0.0021551961098758344,0.0021732363153848765
46873,2.8069627474278061e-05,3.421904293204093e-05,3.581018471898277e-05,1.2879961206764754e-05,1.1109849966655818e-05,0.0094630607380015146,0.99039493348310392,1.7418778343407563e-05,2.4983342525236671e-06
30784,1.8528748370851136e-10,7.7901956889641452e-10,4.8894660412116147e-10,5.3363188459158812e-10,0.99999991788637221,1.4764511044639008e-08,2.0475743142733338e-08,1.8561752940149057e-08,2.632473509131411e-08
2871,0.00020869237683211398,0.86891391237178417,0.099051200915958496,0.026713755271573738,0.00083871156995393248,0.00041677283656603307,0.0033229997831064249,0.00025545221008579325,0.00027850266413890579
12686,0.0017254837742014674,0.4250946155206492,0.35974647346812288,0.18105126099749105,0.0012722455136369819,0.0024459115567754017,0.026546572572493318,0.0013215204688387925,0.00079591612779075197
59147,0.16404750102420607,0.00010505245595837048,7.5330535773346138e-05,0.00022134370377659859,3.7693587232230582e-06,0.0041452202995423638,9.0823964690089456e-05,0.00025128735517480525,0.8310596713021553
11060,6.9079613560921925e-06,0.76505565230764383,0.22059599509344188,0.014077476040877649,0.00022261839738387383,1.5523348132016874e-05,1.5401151502539572e-05,2.3197856831981228e-06,8.1059139793399175e-06
16819,0.00016550284207885206,0.8942720804689257,0.09515409875812908,0.0026999814530890413,0.00084522683140423683,0.00019439123090725041,0.0064230092745159468,3.5283002244958682e-05,0.00021042613870485063
12905,0.055320378164333779,0.49168319992426535,0.17657608451066736,0.064114933070525681,0.0085148167529090022,0.033004164634076336,0.075315018986143775,0.05330348896011778,0.042167914996961049
31944,1.425357080957775e-06,1.1778551775993352e-06,1.4262655233926038e-06,7.4075672272368599e-07,5.5935434277630195e-07,0.9982310606738295,0.00010613111792619278,0.0016401248090025663,1.735381039441253e-05
42658,0.0031293440925697249,1.3076096695248583e-05,7.8509964435006716e-06,0.00013269358884308044,4.0939203881698688e-06,0.98982182510848904,0.00086706518163111009,0.0049122160009227268,0.0011118350140173693
29583,1.2019009686036185e-06,0.0021330651618388431,0.00017402144954755083,0.00024639170446216557,0.99742912566177366,3.4777550703573105e-06,5.6195734616324911e-06,5.582749422766181e-06,1.5140434544101297e-06
47504,0.092357641546131408,0.45303288793719176,0.12320017420076475,0.076037399492005525,0.015321335730235225,0.051964132157372889,0.092544162315798123,0.064445451841458695,0.031096814779041589
14809,0.0019884557131713007,0.71426194354181727,0.1614891986036226,0.10183155683034208,0.0041365214187651569,0.0045864103235274825,0.0061064155490994912,0.0035346641897558914,0.0020648338298987871
43009,0.0078091297842479857,0.00039231525663673949,0.00014654082581921126,0.0024878732532642679,0.00018014936025985632,0.97134776462041317,0.0104388290300829,0.0059417687966662816,0.0012556290726097826
16305,0.00084457239491703986,0.58297159175752689,0.15401576335247136,0.24888700401599576,0.0033907515761921023,0.0021855351711738713,0.0052728856629836859,0.0013388314072391302,0.0010930646615001278
23810,2.3458369896573588e-05,0.35914491211756466,0.63951732694398977,0.00040743351117698395,0.00044859789004545977,0.00011164128804382394,9.2410376818357907e-05,0.00025387543618050955,3.4406628384017457e-07
58409,0.22631627777151994,0.014010406758950517,0.0038432268731921847,0.0023905666420970602,0.0026979419481363348,0.088887651774244861,0.01244966463043912,0.19066287017912037,0.45874139342229964
51860,1.3378710060173551e-05,1.0304959621285089e-05,5.0290138194643704e-06,5.4501516628702816e-06,1.9340670875093111e-06,0.0038661939102018774,6.9427454370752411e-06,0.99562335306527927,0.00046741337683057073
28776,5.0865651491679474e-13,1.9489246853978211e-12,9.6885066416661206e-13,1.9650547489665601e-12,0.99999992030514562,1.4780126452095681e-08,1.9107308736047576e-08,1.9795229299089094e-08,2.6006798259104928e-08
11237,1.0527332875795072e-05,0.75834809302532014,0.21838864300799163,0.02315612141090426,4.0422101151236157e-05,2.1891671585777612e-05,1.8125747431685578e-05,9.65603947959901e-06,6.5196632600538278e-06
32199,0.021264830400892228,0.02450278686981424,0.013959143265898031,0.013885664271823061,0.0028776230582151581,0.82615280692059767,0.050222386051302435,0.02940807857056758,0.017726680590889703
52848,8.0119572126036718e-10,6.5109212001320243e-10,6.4335362815777861e-10,4.0914378931873082e-10,3.0554223134213655e-10,1.8442746817933489e-09,1.7424220829762641e-09,0.99999995631365379,3.7289321933708516e-08
37765,7.111041166912327e-09,1.6660156708510238e-09,1.3470235979597281e-09,7.865816127341537e-09,1.0646547122527482e-09,0.99997915626927247,1.3822872919325023e-05,2.3940681147782711e-06,4.6077351422668837e-06
46098,0.0026944243622483524,0.006349170555426659,0.029939019555969903,0.0024379577105391164,0.0010363964543686603,0.10481398896495579,0.046299334495964378,0.79184268530819724,0.014587022592329866
26619,0.00014430717285714254,0.60200115746310401,0.27406140407589835,0.12201338240895936,0.00034281620783163885,0.00017323776406041842,0.001071000680669147,0.00010393281075011057,8.8761415870018231e-05
52536,0.0064475096361309636,3.5240202827386778e-05,1.9590065390373421e-05,9.9412251922146633e-06,1.2265555478167075e-05,0.0044453307061351772,0.00047090835710683919,0.98278494514113568,0.0057742691106033306
36784,0.2177344216910751,0.019247529360597818,0.016764190914892656,0.0019277921943755079,0.0068816371814319228,0.11592913261707957,0.044346675228948702,0.44891408092597079,0.12825453988562793
31816,1.009022953228013e-07,7.6470819004770426e-08,6.4386249538618532e-08,5.5631758202958597e-08,3.5061903649932793e-08,0.9995370894514094,9.4739737124880898e-06,0.00044937817763082607,3.7259442215432814e-06
50757,4.1495959246039903e-08,2.3627430065271755e-08,2.1061639314176128e-08,1.4735992498370034e-08,1.1264593991643697e-08,4.4956854683404595e-08,7.2803382960667158e-08,0.99998821576160568,1.155429254156979e-05
17258,0.0053318352663785555,0.61487979350590227,0.21134590951279134,0.04208742824354398,0.0013901858567139103,0.01025845575459795,0.1099239899505334,0.0022303388628110276,0.0025520630467274624
15746,0.00049576534261905195,0.85061873211031458,0.081813322760417931,0.062905465922603918,0.00047526040453182663,0.00096108344235855175,0.0013813854981693427,0.00048652014006032184,0.00086246437892453396
53178,0.00090539799850625148,5.6564046779306112e-05,8.2773907296726195e-05,8.233344575770036e-06,9.0549511955536849e-06,0.0095563507017463276,0.0088050252943682236,0.98011601199288545,0.00046058776264638478
61397,0.098572860681943972,0.040401559668244595,0.0101635310665763,0.03853501908239617,0.0063032769927029494,0.1691766420096939,0.015000563111222097,0.30649509286869686,0.31535145451852331
54499,0.036125997771354453,0.0053007775402629962,0.011372511551164217,0.00033965865221352647,0.00021737480498999466,0.012907446499428635,0.035517109968955698,0.88707969924644348,0.011139423965187058
50270,0.0011125375213685378,0.00030581892599321968,0.00027268832070456652,4.1396415239153522e-05,7.2134086570334042e-06,0.0098719327106637205,0.0045385557172162583,0.98304390766699168,0.00080594931316584593
17540,6.7487899568594378e-05,0.60037542884641582,0.3379806320954496,0.060745840584555011,5.4926921551274096e-05,8.9546309868046871e-05,0.00058823450937780218,3.3975960935997636e-05,6.3926872277833525e-05
15817,2.9415982359285184e-05,0.79602951821805745,0.19460865387089121,0.0090931124963229935,0.00012167217421157744,5.0144608802217508e-05,3.0151668134511391e-05,2.1643161627614608e-05,1.5687819593123526e-05
60536,0.00099681722157254362,1.7070120145564334e-06,2.0593744329517467e-06,3.6828031214493637e-07,3.4084364688570023e-07,0.00079862059180743942,6.4719960016665559e-07,6.4798245541959417e-05,0.99813464123107132
36310,0.00073210765181399044,7.5646590160536001e-05,3.3134952092550949e-05,2.1741116824907303e-05,7.8631650676106565e-06,0.94476777402539414,5.4589836021636754e-05,0.053857520696909023,0.00044962196571539332
38175,0.00024520080091599812,3.0957713703535352e-06,4.6830116360964891e-07,0.00034784583020295575,1.9286952834205995e-07,0.99796805305807545,3.7815508067194168e-05,0.00021577665770112708,0.0011815512029749145
34731,0.18465671577190557,0.0026448975776234857,0.00047494336717711534,0.0010405038749437825,0.00043114326196289874,0.67705464658339687,0.0096891159175348518,0.021615134356694755,0.10239289928876069
56347,4.3042606289224263e-12,3.4321781587082257e-12,3.3237039960138214e-12,2.6236872793612174e-12,1.7205919227960786e-12,1.0401878799497982e-11,9.2613503084094619e-12,0.99999996652539402,3.3439538357813913e-08
52015,2.1347530764257449e-07,8.0348902509711025e-08,6.8984143606002516e-08,5.2014695368382244e-08,4.0373057573476783e-08,1.1057237804634766e-07,2.8988679364795487e-07,0.99999788655327326,1.2577914484216491e-06
47541,7.3371496401645957e-05,0.0029874657338419862,0.025450246063541366,0.0086608364165859271,6.7554025387979598e-05,0.0013004124978542588,0.96047682062373663,0.00041789836369805208,0.00056539477895203058
23276,0.0012156944232631719,0.11560328988438874,0.77292162760590588,0.089924134184749496,0.00068814402284888686,0.0015453564461649094,0.015815488188972215,0.0014937001639476585,0.00079256507975896328
51938,0.00082050892263023042,2.5394376792130016e-05,1.7276974814784942e-05,5.1214800283268946e-06,2.2017988438706194e-06,0.0036813766535232291,0.00051699000935590694,0.99425318381016647,0.00067794597384496029
617,0.72645855821848304,7.3034376923833459e-05,5.4191018701001193e-05,3.7123264538070116e-05,3.1064303891943435e-05,0.0058130026462483147,0.0036592790343564822,0.26025493954191931,0.0036188075949379964
47316,0.065969727209268331,0.41967008467161016,0.26988296590709338,0.084318489198725852,0.0054488329137516063,0.022412186484059987,0.10457374102526684,0.022210605007388903,0.0055133675828348419
49934,2.1096259339426927e-12,8.9675283055748293e-13,8.8121189759665846e-13,6.0893441962710613e-13,4.8611428349303279e-13,1.2786695586210191e-12,3.0223600089656835e-12,0.99999996569911631,3.4291599990979084e-08
54505,0.00064337289573215633,0.0060086628079734561,0.0023102177189312481,0.00097909658610909316,8.3511582873554659e-05,0.0007280744542246053,0.00026553005062007762,0.98592851758877542,0.0030530163147604872
9977,0.00010415617403680511,0.47384363441703253,0.50959234249745011,0.0011785749704540565,0.0024926181684220392,0.0025595120610333874,0.0041606533085008458,0.006018678262149588,4.9830140920832562e-05
42490,0.0023486198194514344,0.0028628759196235266,0.0020240014361229026,0.0020066128412002606,0.00015718657766332564,0.96489370446220479,0.012940774269549747,0.0097827930024758682,0.0029834316717083373
17632,3.1382084907008357e-05,0.78374405810082548,0.13298295989382183,0.082793971047198225,0.00017924189777388175,6.4545195085061359e-05,0.00011695492045884434,6.3546328401747735e-05,2.3340531528215126e-05
38244,0.00014463314628136207,0.00036225925387758381,0.0003103362539831773,0.00017155097710096087,3.1653797240350027e-05,0.99586751202749624,0.0016989841830515131,0.0010602076740817829,0.00035286268688677691
33740,4.778366371169145e-08,9.8191543961108373e-08,7.6563234985836459e-08,9.7004571577413486e-08,2.9991032948370305e-08,0.99965889706774447,2.8840412731163738e-05,0.00028381343672507673,2.8099548752067207e-05
53125,0.28877019254724967,0.076474331700290776,0.018092168935398039,0.017104907857919596,0.0066996342017356875,0.11423008060698273,0.075806371477207188,0.28224175105460947,0.12058056161860679
48914,3.7693196191582594e-10,6.3665387901754289e-10,3.5567730666188577e-10,4.3958817901490594e-10,1.7990757595786148e-10,6.5052503296959061e-10,7.9673418613909546e-10,0.99999992760886802,6.8955113802036305e-08
59172,0.0093986517155236742,1.0750712301857067e-05,1.2031593721927893e-05,5.2635300335496224e-06,4.1972905288263272e-06,0.0026089573754264615,1.2354052791961965e-05,0.0015737649611051209,0.98637402876856661
1023,0.54719278851727826,0.0033753788564008817,0.0017603070645436285,0.0011955514284825127,0.0012441980158333413,0.10072054017425634,0.011983787197998275,0.076713195179260521,0.25581425356594611
56886,0.037455806636570242,0.023374035943577381,0.011735270713135893,0.0098731401352019962,0.0043371369059591863,0.06536779998128224,0.02475521386306432,0.5884902889649275,0.23461130685628093
31566,0.018791843269607887,0.03875013504232467,0.020221129640544382,0.015925117421050027,0.003257990388449609,0.75083085808217265,0.071342079621300306,0.061021704773040995,0.019859141761509613
22351,0.000312009208463089,0.83869528132686355,0.14085776920825432,0.0069003691696023772,0.0071982029849066232,0.00094012632279145243,0.0029415812531326875,0.0014823362839723713,0.00067232424201342327
33292,2.2348769587215781e-06,4.0949811984982669e-07,3.2289952093394829e-07,4.1848728715697409e-07,2.4230994003993114e-07,0.99921555920426264,0.00053580742000628465,0.00010619493738161613,0.00013881036652268715
30351,1.1844669685498928e-06,0.0018974946286234729,0.00016053073004055211,0.00026598361425105168,0.99763958849991996,7.3709666947372049e-06,1.837236705313418e-05,7.2949447294554769e-06,2.1797817189272853e-06
60173,0.00030028407856520745,5.2014156346696207e-07,3.2223457977650198e-07,2.6575141536976837e-07,2.1602085463202438e-07,0.0010276443380449446,3.9551243751217988e-07,5.1812782532953719e-06,0.99866517064428562
33200,0.016350222437620025,0.00028953886366418226,5.6955053149652302e-05,0.00012877226670812402,5.2729761368479122e-06,0.95897723559512937,0.011991839063403514,0.0005984807269373536,0.011601683017251082
51514,0.0041460520093674911,0.0006912843683889821,0.0005970022972796523,0.001032733599174124,0.00056130853155491938,0.52887687869946276,0.00098697117402335118,0.39008508054124724,0.07302268877950141
33311,0.0081846618060402165,0.00011722981905615834,0.00013797914888775837,2.0352757210078501e-05,1.800461764567242e-05,0.38933758949892916,0.59745458413617125,0.0045148293941094783,0.00021476882195052107
22463,0.0074740011118141604,0.53088785990572562,0.23214232098920687,0.15606933192412017,0.00782399068590439,0.016606918021774671,0.031562638347535955,0.01141530357898035,0.0060176354349377858
46655,0.0001055575342705387,0.002062840461720106,0.012451874676135091,0.0038104612235158896,4.0032262712228618e-05,0.0032104139239841284,0.97787113487937416,0.00028481577485584502,0.00016286926343192618
26350,0.00088649642613761062,0.19078560214860243,0.37570611387438574,0.3560223876342099,0.00045872847355761981,0.0017143594782650774,0.073362632387011323,0.00049113952636559697,0.00057254005146485654
52446,0.012028970262461211,0.0042742565660392464,0.0017520987442146581,0.0032373784891490832,0.00030671397926064291,0.029628993928790544,0.0068025880060324792,0.93711890582112134,0.00485009420293091
11373,8.5858488955400871e-05,0.70584084385768819,0.20557214651720007,0.087862952443250458,0.00014226059513142058,0.00013065159769969472,0.00017025865619153276,9.4462803485161629e-05,0.00010056504039810206
1650,0.69621391232953034,0.00037482634274635639,0.00046256202659007391,7.5848045203582667e-05,5.3684437322528793e-05,0.0073207628969521651,0.0063684068029921902,0.28410271026143774,0.0050272868572248204
46471,0.0082027716787708167,0.055566589404227984,0.059152255921614418,0.017540349028147315,0.011133516926419734,0.017212781222366039,0.82397454739858433,0.0065724298552652435,0.00064475856460396227
40106,0.0027928015141318835,2.6003593374482702e-05,6.1092013279176519e-06,2.2690078682735696e-05,3.3216553192874539e-06,0.98931165282305222,0.0010401943396646405,0.0024957914146584341,0.0043014353797884248
11148,0.0042523545311562464,0.70592445484679145,0.1661889785562452,0.073735723889294821,0.0087760330746660727,0.0077760195263410128,0.019757507839244456,0.008799986453552372,0.0047889412827084006
7399,7.5321166408234814e-05,0.6278907038165531,0.25042003139990637,0.12040455799329806,0.00045331366440223554,9.6801156104478448e-05,0.00058147431459987492,3.1991980437010318e-05,4.5804508290351605e-05
34719,3.1951059500842742e-07,6.6797278431676804e-08,5.4262362951861668e-08,1.4362904423177637e-07,4.2224672364956431e-08,0.99958192826783065,0.00038588929968832482,2.9122185889367752e-05,2.4338226386906055e-06
23069,0.0028464695566816313,0.22802511615518192,0.53710026836096381,0.19464721129448317,0.0012882739411143812,0.0023303228842744047,0.03112107592167809,0.0015979301599683073,0.0010433317256542654
34889,1.9473325091281131e-09,4.5492073655748295e-10,3.6690458100716744e-10,8.3255874854161852e-10,2.9684082784709511e-10,0.99996414061276795,2.8916871923723196e-07,3.3823736642160982e-07,3.5228082589057869e-05
18520,4.1412013217253263e-05,0.55977285507238628,0.43393738245873986,0.0059822086182264311,0.00018840542267932724,2.6557189850063926e-05,3.6985659638968928e-05,9.6516966336584142e-06,4.54186862821518e-06
24014,0.00022709909783128005,0.70107019964337369,0.28181977419866594,0.01449637997010904,0.00090138986612233038,9.8692326073619409e-05,0.00097679872239110903,0.00029815991621375394,0.00011150625921923462
23847,5.1159554368037697e-05,0.6862055144557897,0.22290558595406607,0.09045239611154772,0.00013839719156402296,8.0570779936227238e-05,7.7725860230332908e-05,4.3257818090681132e-05,4.539227440702987e-05
15768,0.00074271901762927649,0.73686031768842442,0.16885737514713306,0.06894473397155626,0.012183390962436326,0.0013511564991545808,0.0076938193094871106,0.0013986761925694443,0.0019678112116097274
15155,0.00052857999948583974,0.44754430443912335,0.36985876599044037,0.13746977997911763,0.00030498091617717151,0.0019823287447323684,0.041385110793897957,0.00051480127488096983,0.00041134786214443316
23316,0.00013104610540005607,0.80356870295139804,0.15580371439474783,0.039377425017647308,0.00020037388244843908,0.00021101685861789655,0.00032311493457210069,0.00011779411217712512,0.00026681174299118967
12195,0.0015675488032995779,0.48485376665825097,0.21819148005911801,0.27110075867096312,0.0010841860021516953,0.0040868669925370167,0.014060801389908945,0.0020341770933894714,0.0030204143303812284
4728,5.2777536717745598e-05,0.86751277537680982,0.12506430981422276,0.0061723304923882484,0.00057763778168209165,0.00011855342521463447,0.00038570684429470043,3.2715311149626322e-05,8.3193417520360476e-05
33058,0.15157877742238274,0.12057405019121673,0.017005945910787305,0.028442873453218241,0.0017821011939080727,0.40348371810068279,0.030558837951775157,0.038258158819653804,0.20831553695637517
55314,0.0064518942704198468,3.5426344563803653e-05,3.5340879153830814e-05,2.231244779321231e-05,2.3780915135570573e-05,0.0065137355911611145,0.00089757250334926431,0.97609038489784106,0.0099295521505823291
22980,7.4680226885460164e-05,0.48239114730828553,0.50938388890372133,0.00075981058094373808,0.0019931702568566807,0.00065923839789798261,0.0032878953893994162,0.0014254164594585319,2.475247655161505e-05
49560,0.00012165958658697932,2.0343428596950463e-05,4.8534057258894159e-05,1.8290941146848937e-06,3.7556924303453397e-06,0.00093331014077083837,0.00074644234690821249,0.997606431618556,0.00051769403477722848
55934,0.00053123848176029004,0.0012080446567760436,0.00062558798055673524,0.0006545431984899551,2.614534352900617e-05,0.063886375365983239,0.00077004486730131573,0.93003685135781411,0.002261168747789386
42244,3.7541674441970466e-14,1.9510853457124812e-14,1.6095498118541193e-14,8.8153221580373263e-14,1.3600761908570903e-14,0.99999988638018511,2.8772561379971749e-08,3.2992016385723194e-08,5.1855062179699876e-08
29879,0.051177229681252254,0.29216514950038369,0.08285787104073572,0.059193604186653127,0.29563015638941231,0.073158710843480412,0.067697604492070393,0.051649918759025512,0.026469755106986403
472,0.16573374168724092,0.12023821966365687,0.030418169635782765,0.015918889419297599,0.0043945157315805356,0.26788578155476195,0.22077337112485912,0.080019971222015165,0.094617339960804916
55333,6.7898055230998871e-05,9.9054804000543961e-05,0.00012658125398361578,5.1594576169521742e-05,3.2723462915964206e-05,0.016344831771431263,0.0013661664985087894,0.98167864388703197,0.00023250569072715455
19493,0.0024678376384176495,0.59482190507406341,0.26745772682947527,0.091236429683101958,0.0024331713740183406,0.0060749925001961297,0.030122815188790491,0.0039928268547358928,0.0013922948572006343
22707,7.7289710280751652e-05,0.62620338509355233,0.29162160821563377,0.081366108329397835,0.00018063424064807424,0.00015684153267565536,0.00017203322929148213,0.00012969782610817659,9.2401822411975271e-05
42787,8.0425895439236847e-08,8.5645862989439052e-08,1.2810502986363558e-07,9.7697133206493646e-08,3.5233737833602977e-08,0.99960118140793541,1.5276646416779846e-05,0.00028861316391020963,9.4501674078356469e-05
45362,3.5729717017763494e-06,2.1895402791722925e-06,2.2449616736801805e-06,1.8280104017888653e-06,1.0084096656173652e-06,0.99727474687144502,0.00015146587021718628,0.0022412249050641417,0.00032171845955169918
36886,1.1193649436135719e-05,1.0754806290183439e-05,8.8008605020485773e-06,7.3101478703318632e-06,3.830293919319611e-06,0.99492754811911432,1.568871597540622e-05,0.0048246835960804053,0.00019018981081180832
53842,0.033287569398204105,0.3537954934833466,0.13037630668066355,0.038661545714609745,0.0057964212681667279,0.055339009814508795,0.027576516788888863,0.25447841293173296,0.10068872391987871
58121,0.098341978341765876,0.19620632378050284,0.086695394519676991,0.045034423733941432,0.019667629249419758,0.18282453919677757,0.12914402641672273,0.17292975985974024,0.069155924901452601
41858,5.7043292129319978e-08,4.0379064346695278e-08,4.9714124173101715e-08,2.9575157335400912e-08,1.6623312499622509e-08,0.99966140793875879,7.142587906322594e-05,0.00019640979177875046,7.0563055448780233e-05
3632,4.9339260098471342e-05,0.72042781219937235,0.26328277674851908,0.0064566761219097164,0.008781027141765067,7.6959905097842953e-05,0.00077847605528814717,6.3873052654036855e-05,8.305951529543278e-05
4203,5.8446502566584346e-05,0.43128364705977362,0.56441920977887228,0.00035379517497110023,0.0013930073031673011,0.00027713605400789417,0.0013404404093897387,0.00086405463376073622,1.0263083490895988e-05
2266,0.0010500873467749431,0.72380983033334512,0.16250098949567945,0.079599794142603195,0.0003884562001871464,0.011479518453322325,0.015683175010426122,0.004147561508951513,0.0013405875087102628
11823,0.01217156035530864,0.70881984227052774,0.1417568245132492,0.021581777003142996,0.0030059808239618897,0.073822110859479401,0.013417225308512817,0.010726636901818664,0.014698041963998367
26076,7.5358923751594944e-05,0.63730799942691474,0.34374556723608984,0.01832136076418989,0.00033160625387207508,7.2048947968027507e-05,8.039740726115382e-05,2.8074795188936287e-05,3.7586244763906235e-05
59075,0.0073311870122515759,0.0022427334437118951,0.00094872816992326982,0.0046288259672050995,0.00011909632653696263,0.023387367999793976,0.00028980885647681358,0.0011308479120701136,0.9599214043120301
42129,0.0065604345133688157,0.50452127218260467,0.21392653751077523,0.029103643738399788,0.0065857113866221789,0.14980258530317297,0.043465817799585992,0.041929193247820393,0.0041048043176499021
33957,0.015929619691872923,0.00082506851009540166,0.00029993534115588206,0.016995228678674444,0.00023357229006023135,0.94625089990574418,0.0041040522542570047,0.0048314401523397678,0.010530183175800225
