id,Class_1,Class_2,Class_3,Class_4,Class_5,Class_6,Class_7,Class_8,Class_9
47484,0.14978905181566962,0.23099324070223975,0.065780503679828253,0.010682551465068904,0.0092629508587381195,0.063917066257019803,0.21379795195313386,0.13221685950493109,0.12355982376337034
30908,2.8179082237215072e-10,8.6867018270954201e-10,4.234200895434112e-10,1.2125789084468655e-09,0.99999991636826013,1.5769074345127969e-08,2.0122258939645713e-08,1.8723100364983483e-08,2.6230846303713976e-08
49031,0.0082187975608704073,0.0012486056348460237,0.00066281026297736819,0.000333139441952566,6.0168957958638227e-05,0.018125933296086392,0.0031189579482054203,0.96095268777931553,0.0072788991177874128
35190,0.0013311437173122739,2.4740278805378514e-05,2.3903994740391639e-05,1.2525665835840627e-05,9.0644389077043077e-06,0.98214464432500925,0.0014213383267178566,0.0072672912221344076,0.0077653480305367546
51849,0.019358252424370118,0.00033896179929168561,0.00022128212739560256,0.00055551596124665868,7.7728112552496971e-05,0.013027529977385313,0.00026092257327142861,0.77043138525782562,0.19572842176666103
38821,5.5748386839357917e-08,1.1931748816738966e-08,9.7331507928081761e-09,3.4576832910254711e-08,7.8927419767114764e-09,0.99987888741494535,4.1719387882379771e-05,6.4089451385587791e-05,1.5183862925314517e-05
11287,0.0085590067932205943,0.65220024757585848,0.19016530522084069,0.084022673561934755,0.0010829677772309085,0.015395144404004657,0.012196401387531483,0.0072159158321163487,0.029162337447262245
33962,0.0060101718139421965,0.012763788654051318,0.0045206939241538794,0.00098065356666797356,0.00020744948868739796,0.81311783017651762,0.12247658884385405,0.038954050009690586,0.00096877352243512579
61123,0.0092132115934082104,7.9014914584231563e-05,7.3368115100937631e-05,7.443570693425323e-05,5.8346004435202775e-05,0.027963319596364243,0.00036399381402759458,0.061925963547691518,0.90024834670745368
19849,0.00058439649123085238,0.34484847025290782,0.42673028169373584,0.22417565525284325,0.00070360568080647559,0.00076317455078407355,0.0010796286965705929,0.00060758852208471113,0.00050719885903640998
59924,0.0018645288093283342,2.4302822891455479e-05,4.375961789152335e-06,6.7492020206325971e-06,1.8457802464899606e-06,0.0030240584625349049,4.435675052234714e-06,0.00032591194433499569,0.9947437913418018
19390,1.5520363136266632e-06,0.30480534717200192,0.69391274468725594,0.00020436560301494326,0.00013640919566010977,0.0001690218815476342,0.00046812049723025717,0.00029869929990950113,3.7396270659191578e-06
54569,7.1127465966066371e-09,2.4989401545674214e-09,2.4367984244111661e-09,2.1253360050652202e-09,1.6078076806904028e-09,5.2280335619793203e-09,3.7019822102090147e-09,0.99999642731022287,3.5479781325844934e-06
12999,0.0092660639041586834,0.63142264114092861,0.15507019097978764,0.04856448090103186,0.0030335357027834178,0.018516316418596433,0.10231274018171056,0.0053022434715589272,0.026511787299444017
47247,0.00081921298129871518,0.26381109266827202,0.46375531681430321,0.017124739537568129,0.00035327326334379515,0.0015465554301519616,0.25157311635552843,0.000545636072961955,0.00047105687657154422
38035,0.013513355029835313,0.00017026066934256264,0.0001180856824353136,0.0025807073725490175,3.6475552576407509e-05,0.96316957600613029,0.011286614341025724,0.007705068729146447,0.0014198566169590467
9950,4.6409256648876002e-05,0.36450496007748051,0.63109197481248214,0.00026980917248494314,0.00053969326965195295,0.00054923022778560673,0.0019309207338384306,0.0010636661208642581,3.3363287631650901e-06
24902,7.9415169113569134e-05,0.85362508259271341,0.13449183579188942,0.0096128564813185522,0.0016463224733337721,7.7412654776087242e-05,0.00023960215861042352,9.5614170560147084e-05,0.00013185850768454021
25882,0.00092791574807582391,0.22172353774839179,0.68248380488523341,0.058993547893338383,0.00058838603042911776,0.0011397749546021212,0.032427287296440163,0.001090637695990425,0.00062510774749870537
27679,0.0021052140231006566,0.23254599897229095,0.055319784076495689,0.68557521602574545,0.00033620330415883677,0.012708610578483664,0.0058838344643800441,0.00193631394496668,0.0035888246103780459
383,0.29128480680714203,0.025568395080221872,0.0060700434700974859,0.0031963053114515681,0.0041610816483127209,0.065432441426925114,0.045248439902371027,0.36229626439062607,0.19674222196285215
44571,0.11731270614091326,0.37749837595606089,0.048257710517590521,0.0044181647810633959,0.0036326098188951984,0.25286836989225847,0.093316392044333285,0.060542079112608817,0.042153591736276128
7979,2.1890203772781671e-06,0.85914113981339379,0.13835043683666548,0.0024820424635209866,1.399844496565651e-05,4.5727957391613136e-06,2.8956329897269495e-06,1.2450480174389214e-06,1.4799443306351842e-06
53428,0.017528919690253206,0.0030387927106896692,0.0013609716528135971,0.00048104578803461639,0.00068374706873259011,0.013126985275532133,0.0079995793083129981,0.93588029616077151,0.019899662344859608
28285,0.0010666564196082464,0.57635723586280885,0.23046574619448204,0.16202936647898911,0.019816592998605508,0.0018349962227638807,0.0062400145860615859,0.00074524780057691736,0.0014441434361040328
4355,0.00098705906688905526,0.53632935777222135,0.21460748799693435,0.22816444555359686,0.0012669351968540999,0.0031882128385815438,0.011521331234754212,0.0016865275270662313,0.0022486428131021628
30978,0.0026752211284933273,0.046700280625380147,0.0048929228343777987,0.033188767071034894,0.90153228493742488,0.0041872989763687349,0.003560240497696863,0.0017778025833882489,0.001485181345835017
57926,0.14662235863323089,0.14348567852887412,0.057239050030875739,0.041939491315907178,0.021265233774834084,0.086792947711617247,0.16542412544898308,0.23536798695128916,0.10186312760438844
17350,5.6049208145072302e-05,0.69312469862759796,0.26121894767903864,0.044629085201611247,0.00067287189025724923,5.5316991096242209e-05,0.00016100747039927315,3.2077397422802971e-05,4.9945534431621357e-05
51609,0.00037460959292423969,1.4968230195774316e-05,5.0079481502933719e-06,3.0246127995495399e-06,7.2331881354819727e-07,0.0025119066846438247,0.0014018171954304874,0.99559151940146551,9.6423015577059413e-05
61373,0.047471492497364515,0.00013540960741275537,0.00014380301131664938,3.4238674856993902e-05,3.6241542912590109e-05,0.0038811886692084884,5.4243926212012593e-05,0.0010572476018817303,0.94718613446883426
4181,0.0029132656714614667,0.79648525776335022,0.097995309699501834,0.066507657950301918,0.016580954389577469,0.0052857133633813641,0.006297359709844296,0.0044610616392129782,0.0034734198133686291
53149,0.017611652074173444,0.67172596649711003,0.12919498137990565,0.036365193463192169,0.005659435266989774,0.02275391999459379,0.083384506235412784,0.013457547452851115,0.019846797635771279
12861,6.8578425164592395e-05,0.44926817314581824,0.53344279701450692,0.00087223027250122665,0.0011267852861884219,0.0020297511037814806,0.0068988581967980665,0.006277006887837105,1.5819667403984361e-05
7515,3.6998250513854006e-05,0.27695869337399193,0.7042721792725406,4.15874420636313e-05,0.0018905527292085321,0.00012106964988203968,4.9600329660877223e-05,0.016623962269110518,5.3566830280260926e-06
33328,0.0012816514303540742,0.0043721562209464099,0.003162743228245171,0.0033613465185668538,0.00032465293394493585,0.9726204515905098,0.0078211417944098784,0.0042243488924617852,0.0028315073905612613
36461,2.9826661455791396e-07,2.1315782836711127e-07,1.9927774791655755e-07,1.3270568856811228e-07,1.0244995952624162e-07,0.99916406490053356,0.00079942998433456269,2.0193917557528981e-05,1.5365339735434788e-05
19024,0.00056228517137165074,0.32344449129603464,0.54952399436533406,0.12204652660080072,0.00077444860848882721,0.00081040800363706416,0.001609419316967457,0.00050223983329078634,0.00072618680407474274
34693,9.3607154160523386e-07,1.9372045882165702e-06,1.593611107799183e-06,8.8679358176671795e-07,4.765499674943531e-07,0.99842460597210503,0.0010314550155533556,0.00036753859247920192,0.0001705701890756644
13328,4.6108715533099785e-05,0.89425279815305903,0.086646187123962937,0.018682187490695352,5.8804700976983512e-05,5.9587341821004326e-05,0.00015438790307632051,3.7196129129838144e-05,6.2742441745446405e-05
31064,3.2285146575374944e-08,1.4923755721560012e-07,9.6122729521357835e-08,1.5845584397374962e-07,0.99999931883826254,5.514599878738528e-08,5.3265502205744431e-08,6.370740813860065e-08,7.2941551087135078e-08
38505,0.00013312081305618366,0.00021433876446813729,0.0001255789583667417,0.00034438395903385176,2.1965157807963572e-06,0.99355639248939631,0.00072420327228267197,0.0027876620849941166,0.0021121231426212438
40578,0.19779950704936408,0.0013825365702819835,0.00068106130886811831,0.0057930942928800877,0.00044465333092123506,0.69208667440893801,0.052100323541319084,0.021618416235076526,0.028093733262351227
15157,0.024218801563109075,0.43222875043567399,0.11019965021019211,0.010210986003812473,0.010400000824106147,0.17799524974783576,0.14252081581825865,0.036430893158333248,0.055794852238678604
54685,0.095852513494449856,0.25421944859240064,0.10102729752776382,0.064030564845901999,0.045695394440875323,0.076652485258538197,0.11556128542628884,0.19255978715650407,0.054401223257277261
50094,0.00091968905138860486,2.4020629017730352e-05,8.7673633061774574e-06,2.4419959997262495e-06,4.9495182507971858e-07,0.038752882580634737,2.7203090416294311e-06,0.95918448260061229,0.0011045005181739022
16360,3.5178178797286914e-05,0.79200101265978906,0.18090116061833728,0.0083617099914345665,0.018149990067171554,8.6838613814203903e-05,0.0001848797562973981,0.00012111830294290759,0.0001581118114156592
20851,0.0059775879810701734,0.42348310984726584,0.30205728689662387,0.18215721213596014,0.0059981529972993105,0.028788939247647728,0.040810020931983548,0.0069918371003037634,0.0037358528618456018
14345,1.6424485510665976e-05,0.70106928872174246,0.21348945831654875,0.085297102908122507,6.5464885683240461e-05,2.1088677886789591e-05,2.8092128136875305e-05,6.4222702731571225e-06,6.6576060956036425e-06
15437,0.00016457564892894525,0.83941610744812267,0.11373477676894606,0.042593822440760987,0.00042752404443435917,0.00041049142373830716,0.003041270835523377,7.528845887438268e-05,0.00013614293067090225
28386,0.0014442180090984663,0.17095188369091266,0.37888057426979754,0.38957673666142845,0.00051120138427108205,0.0037231249646158234,0.053590445387625557,0.00068108790040425737,0.00064072773184606553
41821,0.078715954254545972,0.0018245921248859344,0.0010472565458854001,0.020044570356276305,0.0003516458902730167,0.79389526385470377,0.032951873818579919,0.047232626072259497,0.023936217082590295
49310,3.5527685245577262e-05,1.7088928176195372e-06,1.8106090333482156e-06,1.0958894825293705e-06,9.3871784942760389e-07,0.0023028654502617631,5.5600045042014883e-06,0.99717357426149233,0.00047691848931284833
38492,1.5958290727478382e-08,1.3376034117372215e-08,1.782398670258114e-08,1.0432718205290135e-08,6.224461450906876e-09,0.99979335446131401,2.4141979934316632e-06,0.00013957315933300782,6.4594365868525511e-05
47987,0.068669021942209196,0.053540601894314643,0.20997624616263774,0.011013510387456406,0.0098091323029436475,0.057004149461814389,0.25307854982695277,0.23369442080711555,0.10321436721455569
47825,0.010547544834509825,0.38267421498890375,0.19178539439515002,0.091388808446680653,0.0028696210976645949,0.043868398666138855,0.25920741112146778,0.0095077804796679429,0.0081508259698165521
58368,0.097886943269034951,0.03986173398674818,0.013182052481590392,0.0047018275680590594,0.068530382851849161,0.026117488583151851,0.0032575067733769635,0.011884292605526684,0.73457777188066253
61017,0.042058984493955044,0.00017826995691953799,0.00010040048080045703,7.0087022024590046e-05,0.00010406081654140375,0.011854080660975198,0.00015544363439148355,0.0011771476695682961,0.94430152526482403
33434,0.01504532737280557,0.00033703035981037127,0.0008727696506616138,0.00082159575760317556,7.7791947758696449e-05,0.83401042699168482,0.002551622610375952,0.12624314926748892,0.020040286041810757
25464,0.00019066702315097267,0.39861217909779928,0.55692150737930068,0.0006938327050902167,0.0069866676345218997,0.0018606076206262904,0.0065839095485992344,0.028090600167874808,6.0028823036432628e-05
8194,1.2411464459282495e-05,0.69827667297964613,0.29624063727383582,0.0054469536462924094,6.2306712580259269e-06,3.4708147903312703e-06,1.2143794562495396e-05,8.5636775200282696e-07,6.2298740373854904e-07
29453,0.0009297570371391956,0.10076717013744209,0.015130909731662189,0.0072289496627924105,0.87204598569753478,0.00058516014070693735,0.0020200059886317291,0.00095545455567627778,0.00033660704841475864
1903,0.0075428597063643965,0.72375597920998935,0.098719305135751098,0.0056974233019220551,0.13039998110400494,0.0036847645181219447,0.0042750021605315203,0.0083055624691206198,0.017619122394193869
55063,0.0010582798117580753,5.4198999951262118e-06,3.5207473076569039e-06,2.4678372189582073e-06,1.7430126245642825e-06,0.011970913391292604,6.6903328880085559e-06,0.9826145491588435,0.004336415808071402
4038,0.25491495236923989,0.057925609285801094,0.015951853541636717,0.025433641310511498,0.0011138980038732133,0.2707570916276606,0.046998209635091881,0.029873496420456048,0.29703124780572926
14437,0.00014788182739978233,0.92089670662785428,0.032565232456823461,0.044333637950414485,0.00013756247368986466,0.00076354328961175894,0.00064877034344549504,0.0001953751351727327,0.00031128989558802358
43097,8.3959804083180484e-08,8.210269417655018e-08,6.6187026559797997e-08,6.3896770258919383e-08,2.4265006286433572e-08,0.99960454850478553,0.00011659430380413985,0.00017117906834977645,0.00010735771175909529
26998,0.012325133615322314,0.0056644022772543686,0.0013617782784011887,0.035964260810746711,0.0471026956902608,0.86828915970650211,0.0072377053138212195,0.0044285606811720985,0.017626303626519433
25136,0.00053771873543823198,0.58790392957646975,0.29223223255708231,0.00045551478320144588,0.00040515649431428129,0.0013758571457549399,0.013514822639921627,0.10315091006948732,0.00042385799833016759
55553,0.0010705540428688272,5.1786217097528274e-06,2.4749474836796141e-06,1.9482502385014161e-06,9.5083436584323051e-07,0.010700893324960239,8.9333279955811219e-06,0.98716033674367221,0.0010487299067053132
592,0.10648856362440558,0.00047740806222761761,9.8467233077002961e-05,0.0001127470435142452,8.0995791873890637e-06,0.029075535806692785,0.0021488110835607877,0.0018899151630419188,0.8597004524042926
29884,0.037113220379477833,0.47011625091849085,0.12550585604473877,0.053465346060394887,0.1264375958553525,0.038057928135068614,0.099454643901432105,0.020612204186803457,0.029236954518240814
125,0.00021630634341480979,0.64887484973956577,0.32369929571637773,0.017711496314698608,0.00034938798616697446,0.00039608178011988254,0.0084573288281739913,0.00023885455372151394,5.6398737760837947e-05
1079,0.89539132221954809,0.00023258919253664549,0.00017903073203458879,0.00014336376694482766,0.00011514443489305743,0.0038308521411151001,0.0042281335655191292,0.078457389216583101,0.017422174730825406
46777,0.015908690904921106,0.0032944860325889672,0.0045315344544984816,0.00026479674893720818,0.00032873735383832844,0.048647338946696532,0.90763403397529119,0.014316546022002559,0.0050738355612256307
2772,0.00051534115592658371,0.73844157523490794,0.21791036495594596,0.034153980909958997,0.0047734296734592415,0.001523272957018438,0.0012969480591860365,0.00067232831399488947,0.00071275873960197414
4932,5.2408835158958033e-05,0.87199405425567589,0.09827606306359922,0.029258974948538928,0.00017690090216274925,0.00011752849863964949,8.7303752195985336e-05,1.2554629184142711e-05,2.4211114844595865e-05
29354,0.00015384995340055526,0.014520185898312584,0.0012487020862559759,0.0078293563088321829,0.97572585868306649,0.00010160045304029362,0.00023082865289385371,0.00012701149999455564,6.2606464203537727e-05
24443,0.0011312078293517155,0.65741579842229325,0.25666949070537937,0.056414466022549056,0.015182638175058891,0.0017281622333648354,0.0088105593566054404,0.0016101678383735254,0.0010375094170239833
29643,0.0055735280511095744,0.19896442121439661,0.012018918101944364,0.016836377211569727,0.75056393953471678,0.0043356926376063925,0.0028153197147209523,0.0033107757977539295,0.0055810277361814974
5678,2.1867958041355421e-05,0.50311877481514866,0.48593377026563461,0.00077087791129895687,0.0011011324916423678,0.00090181105390536084,0.001042212151146311,0.0071005942344685965,8.9591187137865971e-06
56725,3.0800168510506326e-08,2.2592210232742064e-08,2.2518157496227701e-08,1.6538769368676225e-08,1.2431242652240511e-08,5.2197684415697195e-08,7.4242713825529894e-08,0.99998100121757538,1.8767461478081709e-05
7433,0.0012573722828862698,0.87667582000827715,0.097542521003570318,0.010872451779392613,0.001017985776981525,0.0080212813869516304,0.001617628566112868,0.0016326975788755341,0.0013622416169520135
46873,0.00010003850465379345,8.6480429152610162e-05,5.3740479082528887e-05,5.8494815207616295e-06,9.3205692532840776e-07,0.050845798640394055,0.94881488215833609,7.6256117508985313e-05,1.6022132425821221e-05
30784,9.2880298314689271e-10,3.9399330866988897e-09,2.1970106593923309e-09,2.9805548643007458e-09,0.9999999058770197,1.5360556721404176e-08,2.2930040096896817e-08,1.8971037927071486e-08,2.6815044066716914e-08
2871,9.097625335131484e-05,0.90800727085178512,0.069943322747881106,0.018461289243876033,0.00049593296315715682,0.00026157514229020311,0.0023975979691340352,0.00014651166567363088,0.00019552316285126428
12686,0.0015367606599602601,0.39204635279463074,0.40488002712178101,0.17352896161823966,0.00093985262642959692,0.0016578459788472095,0.023796548346358134,0.00098462973460380692,0.0006290211191495971
59147,0.1172694540164588,0.00015524999830508561,0.00013397520204850173,0.00032492829555006412,2.3840479842784049e-05,0.013607135178838027,0.00021871677549555607,0.00038230257960979701,0.8678843974738516
11060,3.9805225307100639e-06,0.78938465365930111,0.19951866422166589,0.011006202808528877,6.6507681206254239e-05,9.9148737196085565e-06,4.7900610964646708e-06,1.0700165874952653e-06,4.2161553637475535e-06
16819,7.3081480911648964e-05,0.93445619550625536,0.058592409550072756,0.0016377882679500114,0.0004715196941528088,0.00012016295223296479,0.0044952232546939253,1.912154465534375e-05,0.00013449774907524177
12905,0.049592766974246902,0.49698766757267776,0.18802815988213595,0.051140593588261708,0.0084841877709271128,0.025813138932921791,0.090225838142779416,0.049057400098862884,0.04067024703718642
31944,6.8105948670923882e-07,6.5818076435162053e-07,9.0176958885031392e-07,4.0427237876345145e-07,2.7445769727843158e-07,0.99872485151297063,6.5226887986054562e-05,0.0011912089066945452,1.579295243285787e-05
42658,0.0031158228149734224,6.544547410639418e-06,4.2239369921754941e-06,0.00015473067074019527,3.892424129898685e-06,0.98880575391364334,0.00062185059067061102,0.0059654851506742799,0.0013216959507654849
29583,2.8263720839151375e-07,0.0010038849346718933,5.8499643131417124e-05,0.00017257390392791318,0.99875888313715344,1.2978490790878013e-06,2.2418238810577287e-06,1.8410630306878835e-06,4.9500791614842616e-07
47504,0.098639359137119562,0.44818013772303655,0.1175885476092829,0.059009335234501574,0.017626274359291465,0.046395569455018375,0.11906401363436318,0.061868407075923837,0.031628355771462308
14809,0.0011569416767858373,0.75712520640494307,0.14251966379997821,0.085040285446175451,0.0029159881606266452,0.0034250932094168044,0.0042993885810968463,0.0021060501673042147,0.0014113825536727555
43009,0.0083460058981339614,0.00021849782849027086,8.232673330181544e-05,0.0023570280358392753,0.00012671350743329718,0.97232442939649655,0.0099164184517207404,0.0054945345114259143,0.0011340456371581212
16305,0.00056070911087588253,0.58484382056495465,0.14686470543148322,0.25716158465053557,0.0024851291489957519,0.001959867983062762,0.0043103617146910715,0.00086137654761027848,0.00095244484779075957
23810,2.3362358834267802e-05,0.36700979296262842,0.63055255637664942,0.00061689561011827666,0.0005169388230023904,0.00016446651677137609,0.00013064721401854527,0.00098473051363832313,6.0962433892045497e-07
58409,0.1982573808865562,0.0093405318363627924,0.0022232473288337816,0.0015644759283445335,0.0023039283774636005,0.063806646149976123,0.0081120776039215071,0.17378571749354832,0.54060599439499346
51860,0.0089286503790106542,0.017621592371072751,0.0073290592476160966,0.0041274856926555616,0.00024206818669630394,0.14130501461023739,0.0041696160016191156,0.78171703425833616,0.034559479252755619
28776,8.202724266007631e-11,2.9409348975098705e-10,1.4835785387568732e-10,3.4262408182815351e-10,0.99999991767659202,1.5218543610042422e-08,2.0755757754731588e-08,1.9979607788864327e-08,2.5502396137666852e-08
11237,9.1768775336747726e-06,0.78156979157047357,0.20426263015532808,0.014074455861695003,3.9451723774858764e-05,2.0150964994702427e-05,1.2712074961050386e-05,7.5418131716452908e-06,4.088958067562671e-06
32199,0.01456559285202029,0.020428876947210493,0.012058555022856769,0.011335302141110046,0.0024903891296409512,0.8526845710052765,0.047292617146942433,0.023790751740550776,0.01535334401439164
52848,1.8908136286590126e-05,1.9486768838646003e-05,1.6031780383095692e-05,8.126731077430815e-06,6.316458581702956e-06,0.0069106495204312645,0.0009797556472649154,0.99167604588325864,0.00036467907387760685
37765,8.1269274815175564e-09,1.8680479740642843e-09,1.521583291980824e-09,9.1122435012271893e-09,1.242390499057029e-09,0.99997834284558962,1.5588415199540595e-05,1.9356856786775868e-06,4.1111823394737702e-06
46098,0.0040075432176691975,0.023259681313934081,0.034179353153119367,0.0029895774567902781,0.00040154177175119051,0.17782515440458399,0.030332387671153708,0.67971947722331838,0.047285283787679787
26619,0.00019966677199012567,0.58730713754879083,0.2823335700823163,0.12856091649895535,0.00024756551579972069,0.00020838705531040535,0.00081800576565183741,0.00015090911357313754,0.00017384164761222886
52536,0.004695141177826055,1.2202075581505899e-05,9.0221062820927367e-06,7.0929751543668211e-06,6.6083365302337007e-06,0.0031327871995749123,0.0002897025808792346,0.98707156583227262,0.0047758777158990419
36784,0.23347040059954663,0.018635808172513108,0.013336288106698563,0.0014543428487693712,0.0043070977778032005,0.10224771564924674,0.033991209815940719,0.4549148259293338,0.13764231110014777
31816,9.1798052306679081e-08,6.9324797476665129e-08,6.3968500510315561e-08,5.0173788713270465e-08,3.2869179276207791e-08,0.99955102326778966,1.1098386121706449e-05,0.00043138799532767763,6.1822164427034312e-06
50757,3.2065151802837695e-09,2.0017640862274982e-09,1.8897028284009749e-09,1.2650552986141204e-09,9.6022024056982451e-10,3.3400764463753843e-09,5.6048572883226371e-09,0.99998758335716686,1.2398374641772626e-05
17258,0.0036628840894801402,0.66700295834682033,0.1930793838948188,0.0328059479174765,0.0008319928440801655,0.0071189238929381784,0.092264079094836193,0.0013568805632436958,0.0018769493563061191
15746,0.00030606230592260182,0.87885036119595128,0.066170449996007824,0.052099446831912456,0.00026525817539431603,0.00061981478613801699,0.00083316725606175145,0.00029376158998667125,0.00056167786262497688
53178,0.00036759942022108192,2.5997096241668411e-05,6.6501788486224384e-05,1.531293201146293e-06,2.2029829577572227e-06,0.0056942696583619683,0.0068282244743991605,0.98678604672482628,0.00022762656130477334
61397,0.094761656934528038,0.02880680726283158,0.0073037117842341993,0.030704523063489659,0.0060788452980176898,0.1539821924900015,0.010182753437895273,0.2970770515668324,0.37110245816216952
54499,0.05649591495896597,0.0070932301864140802,0.011748402645032361,0.0004541623051184949,0.00033502763496439357,0.013680991686680485,0.027183754457293857,0.86938842952430029,0.013620086601230093
50270,0.00053143237056947818,0.00015025481067803189,9.8787436348748259e-05,1.3758756894487972e-05,2.1766848561321773e-06,0.005803416821738577,0.0023719969240336026,0.99060216985610927,0.00042600633877138799
17540,3.5621203985411363e-05,0.63196174260941473,0.33621350271052197,0.026573716054350049,2.5864236628768492e-05,9.577580190593854e-05,0.0050494463741928295,1.4630442984751051e-05,2.9700566015370113e-05
15817,1.3412383110961911e-05,0.83782776788303626,0.15682700850245829,0.0052366667221519364,4.1683376334106456e-05,2.4608396376516105e-05,1.2043558458147317e-05,1.0000285828331939e-05,6.8088922453950594e-06
60536,0.0027313737847429386,2.8577865272432007e-05,4.6513343702011886e-05,1.1812667468736099e-05,1.0766495498879e-05,0.0050432450216593714,1.2687281107257972e-05,0.00038522320868433367,0.99172980033186409
36310,0.00082958644510532531,7.5834558207081001e-05,3.4470906805091351e-05,2.7551995650849803e-05,9.2044086074342483e-06,0.94010189916315245,5.462488344248808e-05,0.058306813903246081,0.00056001373578322151
38175,9.8073941729726699e-07,3.4465694588418323e-07,2.4991658575805145e-07,9.1487076923067256e-07,2.0279451579651529e-07,0.99897842570839346,1.6063064765745066e-05,5.3276108547389423e-05,0.00094954214005946202
34731,0.21954834945477111,0.0025115599952643735,0.00054303740301134371,0.0015866246329509597,0.00066549392440634039,0.64097026771460119,0.0094690791491626059,0.024434440851113782,0.10027114687471859
56347,8.067655539081661e-10,6.4220872125233809e-10,6.526722758397342e-10,4.6189542254743819e-10,3.2233410218150324e-10,2.0000311439148207e-09,1.6486954452143425e-09,0.99999988691833919,1.0654705816521939e-07
52015,0.00014289300105876747,7.7116121169884403e-06,4.1658827982279796e-06,3.6588516820026996e-06,1.9262050485245726e-06,0.0018179958930346245,0.0011737489350236805,0.99674295429246862,0.00010494532676851508
47541,4.3086543782792558e-05,0.0022988093122036143,0.020889434530833865,0.0071296811464472325,1.8591603736529207e-05,0.00063840577510105147,0.96819288789688196,0.0002897811160014326,0.00049932207501167055
23276,0.00090661387804443286,0.12698247822710337,0.76562831562347478,0.092461237685470404,0.00050835433331523699,0.0013246619549154403,0.010532195545454695,0.001076916637008284,0.00057922611521326825
51938,0.00053054640222823185,1.0828367050512523e-05,6.6231507017501436e-06,2.0527004680234038e-06,8.343009766919132e-07,0.0026582096736537911,0.0003601690744213124,0.99603760438665245,0.00039313194384720483
617,0.88317523883377691,5.7177045210149953e-05,5.1658639817150012e-05,3.6805810319964493e-05,3.0379497917046767e-05,0.006860740480584545,0.0027748059942693092,0.10366897907909341,0.0033442146190117814
47316,0.09556982882122457,0.39472871606131815,0.28129490608510149,0.075147175520351966,0.0058220513122542606,0.019576157918903218,0.1012676138588558,0.021279190447951648,0.0053143599740388741
49934,4.8162579771949714e-12,2.2417144118906836e-12,2.2728577176840931e-12,1.5394884932168947e-12,1.2128951890405615e-12,3.2048056499396896e-12,7.5729794966888045e-12,0.9999999172805798,8.2696559114828013e-08
54505,0.0083545534570094188,0.02624752136779708,0.010672817126719681,0.0057941888124219236,0.0003772939578657114,0.076461877168941178,0.0038492141615187382,0.84411071327198162,0.024131820675744625
9977,7.3112154369396119e-05,0.47733741763530879,0.5056916664983051,0.00093793865154995638,0.0023986447937867504,0.0031542121529031042,0.0033697099713811515,0.0070010586823525912,3.6239460042931501e-05
42490,0.0012470861009039301,0.0022247543741958599,0.0017100921376467584,0.001608173609016816,0.00010609392091959959,0.97254456320696248,0.011356638703513024,0.0067134900013556421,0.002489107945486116
17632,0.00011208913983646984,0.79694622006207727,0.135373557433973,0.066551158173452737,0.00022884383798107741,0.00021558213954920994,0.00024580224613662068,0.00020306725946763902,0.00012367970752592212
38244,1.2405782634928688e-06,2.1572064865282816e-06,2.1056675161760769e-06,9.9551840866547261e-07,5.6537354484252015e-07,0.99835619959581634,0.00090431379262381512,0.00055304097788460595,0.00017938128945562399
33740,5.8638648180369386e-07,1.26855757134953e-06,9.523674520892513e-07,1.0058112131282102e-06,3.5892501048448368e-07,0.99842917507428641,0.0001994461867459826,0.00098403601679151976,0.00038317067444719601
53125,0.3191356225858154,0.066160792407355701,0.013646173690605131,0.014256123813031273,0.0068525182992784563,0.092310349174997655,0.072125089218883776,0.30133222316923458,0.11418110764079807
48914,4.5321270357643406e-06,1.8096367388764716e-05,6.8289542725808896e-06,4.9613980688694224e-06,2.3882164064339641e-06,0.00290413558239562,0.00033943521756614058,0.99653017161363999,0.00018945052322580548
59172,0.010542262844629112,1.653987532503289e-05,2.5715535105209671e-05,1.0414299878679538e-05,8.1253619478177725e-06,0.0041520715174714808,1.7788111930970768e-05,0.0016936832539199928,0.98353339919979166
1023,0.59271253790091205,0.0024668727877175086,0.0012832943760196283,0.00088480227386329941,0.00097086961240906776,0.084688591255166409,0.0090683952197579357,0.071847599187485109,0.23607703738666874
56886,0.027861328910520664,0.01203553466675757,0.0058484764842917447,0.0059810442595278693,0.0028314850255232158,0.045769848845055458,0.017976359233473675,0.6758683401903991,0.20582758238445062
31566,0.013473677878132631,0.034746889370428906,0.01822672097196797,0.012461316012215016,0.0028679724318174254,0.7641826887699299,0.074904151229581259,0.059100208408477517,0.0200363749274498
22351,0.0002174222717052972,0.87217990186092886,0.11310010726823141,0.003047634559070987,0.007580925303237728,0.00064631689621583665,0.0021090389163844632,0.00079776109431766123,0.00032089182990777836
33292,2.771689716043571e-06,5.0603367397500456e-07,4.1306170787151921e-07,5.5314560207599927e-07,3.2349159501399903e-07,0.99902640070421145,0.00073727481892347515,8.9554218716050699e-05,0.00014220283585411603
30351,4.1451131002387956e-07,0.0011098229401191088,7.2605657550060978e-05,0.00021685446654419628,0.99858316156970794,3.2924088477069358e-06,9.976725201373832e-06,2.994162950739307e-06,8.7755776895894874e-07
60173,0.0019753782238632871,1.9196005952338256e-05,3.5283688055959967e-06,7.4500908221946664e-07,7.3925101907839845e-07,0.011472916694174766,2.0603323660214097e-05,0.00015567795893686287,0.98635121516450552
33200,0.012829639050310239,0.0004442829836622666,9.7402086114594175e-05,0.00033275315131070271,2.1506757882827094e-05,0.95716274078215979,0.018014528092600374,0.00060649462087236986,0.010490652475086534
51514,0.003273433402677542,0.00066099284634748667,0.00053007691925832439,0.00097029184361674707,0.00057680811531239098,0.4994496322065905,0.00091126733493743022,0.43134342671553172,0.062284070615727577
33311,0.0094917337882385114,8.129039661031542e-05,0.00017520606004666636,2.9627271115278976e-05,2.3112164737923018e-05,0.47388752676374113,0.51312432290994159,0.0029316188054585891,0.00025556184010988304
22463,0.0051032711937970196,0.51522573038053054,0.24633098051448585,0.16782622256356727,0.0067720506996318116,0.014249486970761558,0.031005607066023139,0.0083360201561361886,0.0051506304550665606
46655,2.9942281851002284e-05,0.0010448005617957655,0.0076134228147663584,0.0026861010119244399,7.9746427032497208e-06,0.001120007764107832,0.9873443098242215,0.00010787158595831306,4.556951267123724e-05
26350,0.00047512488439652737,0.20467800835674052,0.40398244442235437,0.3189941148543281,0.00021344005271955056,0.00076960616569513442,0.070404519786727668,0.00022439797275022961,0.0002583435042878527
52446,0.010161607765673358,0.002259863282682171,0.0010890692468637519,0.0020725810073697398,0.00018814750705202108,0.016910244315813869,0.0045559375785953569,0.95918286153580978,0.0035796877601401754
11373,8.2868705957317283e-05,0.69043245452791413,0.23495202528865713,0.073908077798038846,0.00015083182561897895,0.00014300966833845027,0.00015280581643287836,8.8935890209096245e-05,8.8990478833446973e-05
1650,0.75779227333935162,0.00031501396625660679,0.00022357693275014187,3.3657687226831607e-05,2.2545969266308784e-05,0.0048611492838721111,0.0043537111249013442,0.22903919725535732,0.0033588744410178763
46471,0.0065797842522970391,0.030678923809945045,0.044560597761809331,0.010753465247243603,0.0038104970784407768,0.010217950136763996,0.8895074407839485,0.0036053355333460694,0.00028600539620536922
40106,0.0023053272670394737,1.4495201093498686e-05,4.6377507025931933e-06,2.3566413525008396e-05,3.2257795980049153e-06,0.99014702020760725,0.0010133660227038363,0.0020456906181764586,0.0044426707395539529
11148,0.0033019423133394386,0.73123067514436069,0.15216949237683167,0.070221491561454644,0.0088527224657841668,0.0061490340917240731,0.017128930718449429,0.0067515355399489219,0.0041941757881069752
7399,9.436555007816647e-05,0.61362753448561824,0.24097164413137448,0.14432190784729715,0.00030983845929456711,9.7399643945448539e-05,0.00048501643076695716,3.6568450561885882e-05,5.5725001063351561e-05
34719,8.3632079814281992e-07,1.7443685715056421e-07,1.415648340591109e-07,3.7068878146009931e-07,1.1221691602034505e-07,0.99931044463003371,0.00065386375247855253,3.1798140180220794e-05,2.2582491207655909e-06
23069,0.0048635348920218818,0.22407822392926399,0.62324461290756794,0.11737321283872595,0.00075414569433459265,0.0016203408503492071,0.026304459206983474,0.0011434530430839847,0.00061801663766873106
34889,3.1635278066180213e-09,7.5047746890512914e-10,6.1026009277641312e-10,1.3649683311796937e-09,5.057431834293577e-10,0.9999617896712879,2.734685979324691e-07,2.6804641164057245e-07,3.7662418725658164e-05
18520,4.2660701630036441e-05,0.5519512386341765,0.44390877844145565,0.0038879814739072095,0.00013252822611709692,2.7679579446587836e-05,3.454724028494457e-05,9.7823475132024648e-06,4.803355468776948e-06
24014,0.00013081222240674318,0.69471345312624311,0.29470022408111085,0.0091097964782141452,0.00045954731482157304,5.1982416789671194e-05,0.00062700684418905671,0.00015423118803958557,5.2946328184895774e-05
23847,3.8611620066670407e-05,0.69627696783096704,0.23468308576121316,0.068709925241244627,9.1429724165618213e-05,7.4774556320609208e-05,5.2925727682318535e-05,2.9987666607362377e-05,4.2291871733006573e-05
15768,0.00036981156652723702,0.76964104296231073,0.15585326555508022,0.055796384967793509,0.0094735055805238687,0.00085523621256672854,0.0057866202095239539,0.00080074054759875256,0.0014233923980751294
15155,0.00042321734111966668,0.42571660269332701,0.40923760914345209,0.12545546610435174,0.00019742370400923292,0.0011963456187305327,0.037092574829592065,0.0003568397352779921,0.00032392083013959644
23316,3.5236169579223832e-05,0.75922886677136214,0.18806749689292737,0.052023870073542436,5.957369079688441e-05,7.5337933626168401e-05,0.0003875704736183847,3.3309249367710647e-05,8.8738745179677095e-05
12195,0.0010828567813406266,0.44487253289218653,0.24268377035557145,0.29212089350225967,0.00065067998491668123,0.0030590063347228327,0.011241590257399828,0.0013964073975919269,0.0028922624940105569
4728,0.00013189924904677947,0.89209534541004465,0.10109602242856708,0.005594861975406683,0.00051340321411748541,0.00015178946228319512,0.00030377210385241495,3.2993526950131446e-05,7.9912629731638746e-05
33058,0.15079880914155527,0.10626595602057949,0.01241835857485548,0.032551300587856907,0.0021821559769103376,0.44853760834408701,0.021491486130752167,0.028666412104043248,0.19708791311936005
55314,0.011560140469208668,0.0010481179755192605,0.0011093283541485442,0.00076249285480479881,0.00067701770224110915,0.055159045707224054,0.0069089054450718482,0.8900059669296283,0.032768984562153575
22980,1.9515454196241251e-05,0.46277729902903714,0.53054378340485797,0.00050683378032593792,0.0015631497235938179,0.0006082356041107671,0.002481013707946463,0.0014847900594752823,1.5379236456449862e-05
49560,5.1473759896576978e-05,6.6327455561143991e-06,1.4468254168537324e-05,5.5433966242512289e-07,9.3970004403052752e-07,0.00041319283021953201,0.00055403186193664735,0.99871953006254643,0.00023917644596974669
55934,0.0089446462393690668,0.02404544592149499,0.010509733452686035,0.0061095641974599135,0.00028614518550331303,0.10366126639533264,0.0056871310544778135,0.8172030253409267,0.023553042212749703
42244,8.0705961611189278e-14,4.2983382484705543e-14,3.5230645375040456e-14,1.9841009416128662e-13,2.9533632333281102e-14,0.99999988491043346,2.547520313087382e-08,3.885992631175998e-08,5.0754050243283409e-08
29879,0.043295674993637602,0.24506123423107956,0.059540838235292125,0.056262574982818649,0.39512885568968109,0.067642422715814374,0.06904639102168228,0.041771813003388863,0.022250195126605379
472,0.18161678085826216,0.09562534094858495,0.024401151586316356,0.014205973131994622,0.0043374624301874536,0.27687341361691609,0.24774987281742089,0.068218282621684528,0.086971721988632886
55333,0.0022835397137228723,0.0059074288359884063,0.0037376238279875468,0.0011344359028130867,4.02459585005422e-05,0.098603518330417042,0.0047347829908770374,0.87571511323619133,0.0078433112035020819
19493,0.0018652627145590655,0.59288161724875454,0.28128201734478642,0.083924662581430304,0.0020396152620940299,0.0049657021539899083,0.028943099848466533,0.0029728611433744597,0.0011251617025449256
22707,7.6607003626892251e-05,0.57903491149463848,0.3607421027438088,0.059416405014731215,0.00018725883068224298,0.00018772113296013109,0.00015211225507867727,0.00012107358203854072,8.1807942435271327e-05
42787,2.9324875141899716e-07,3.0270193339008313e-07,5.0010071754908005e-07,3.4246581076253825e-07,1.2685580646920421e-07,0.99930999926067821,3.0359884909486763e-05,0.00040887422756757366,0.00024920125382518966
45362,1.2382795127616453e-06,7.5061650964862842e-07,8.713489148248607e-07,6.6574523221752008e-07,3.719496110775877e-07,0.99839522980954776,8.6524808991633124e-05,0.0012268978727793254,0.00028744956890081638
36886,4.8462351400961089e-05,6.0052299856071349e-05,5.2232256497944152e-05,3.6172713071817649e-05,1.9422054027278878e-05,0.9874351481312077,0.00012781783124217602,0.010709480951605736,0.0015112114110903887
53842,0.029900052284409565,0.31180929375093158,0.12481988069680798,0.035121421743098881,0.0054252964364462806,0.055759023872134904,0.025259706395849704,0.31539184403356302,0.096513480786758088
58121,0.088571847829205311,0.18819751357807735,0.083258033587226915,0.038982212472330274,0.022724757481251336,0.16976189392517305,0.16041140019047179,0.1750341148648569,0.073058226071406995
41858,2.2112058898548533e-08,1.6335618798440969e-08,2.40679777411918e-08,1.2234655145979156e-08,7.0298712034928829e-09,0.99979346203329023,3.8189160511598936e-05,0.00011614968132263799,5.2117344693684493e-05
3632,5.146526009251075e-05,0.74629410970326093,0.23495696651123471,0.0043554822781007021,0.01336033076558258,9.2413457532812185e-05,0.00070312971800747784,6.9347327246234151e-05,0.00011675497894222228
4203,4.2999049649497891e-05,0.42056239030446246,0.57555861355978077,0.00031976246076133508,0.0013631188810600196,0.00026458685467128072,0.00080183918069549193,0.0010795993130309253,7.0903958883767402e-06
2266,0.0011711594980556856,0.74827188852040438,0.13929547793748459,0.080642164576889455,0.00030271004879086797,0.012082096052155794,0.012599285345204828,0.0041384815936000184,0.001496736427414254
11823,0.0084543053244189904,0.76140649885753653,0.11947223436416937,0.019535274277549849,0.0026824855990501212,0.062476494083646673,0.0088518328768451924,0.006556595873652502,0.010564278743130642
26076,7.3788190406883544e-05,0.63808416127615475,0.34362212999104608,0.017820225489642239,0.00021050601330859864,6.6331250385522942e-05,7.5480857902030356e-05,2.4001008091344146e-05,2.3375923062384567e-05
59075,0.0060641308449154727,0.00076896621404214007,0.00035034826733478669,0.0039789835641495701,4.55975525674497e-05,0.017505734705414177,0.0001204411915813541,0.00057483935627777047,0.97059095830371733
42129,0.0069158489712872369,0.49559589730245857,0.1862169905894753,0.031945375626912943,0.0063414031365518642,0.18440476883095702,0.044526216662168577,0.039810325793494826,0.0042431730866935554
33957,0.013249884546685809,0.00039333397332731864,0.00013563957213364331,0.013324183522733716,0.00013373343103266876,0.95987149416814965,0.0025877433119320635,0.0031363986212748058,0.0071675888527302422
